instance_id,category,num_cities,city_coordinates,distance_matrix,total_distance,optimal_path,status
Clustered_64,Clustered,100,"[[514.3994477996026, 642.8755240269717], [310.182489021791, 214.18506390783057], [311.0191534287661, 704.4177372735], [386.2034522810937, 745.42681417856], [676.5974604635876, 954.6049661509294], [708.6757440853498, 827.785204314833], [366.6005005872373, 777.7995920097021], [723.7958745774895, 1045.4517026968683], [262.73071215618927, 217.39801940824395], [257.87764379064845, 745.0071828703598], [375.6441570016778, 235.65879960804705], [389.2178850686508, 667.445684999656], [579.5234021475031, 937.0175073932036], [298.11157741959977, 740.4196074412617], [644.5356655404787, 1066.6533260812205], [639.9763715838488, 921.3178665441718], [270.3624156103819, 189.0730967788334], [322.8146157791396, 184.5362624525173], [399.5149536830315, 709.9098195517083], [633.6331566819456, 1037.2022250301147], [675.1800362493501, 1016.7329327229064], [274.31963509599404, 712.2392971299738], [173.44545762176074, 722.0762335741996], [332.06638934019185, 819.3616969561177], [312.3037281260009, 807.9208806492027], [624.5677626796042, 859.3669423977515], [345.5452664870778, 194.10070021203427], [744.9574923310429, 950.6137308543389], [445.4718283980905, 673.2537570128238], [496.10808335053156, 683.3392690758157], [726.6161891095705, 960.6506879395486], [284.67201973887956, 630.6266431083606], [330.47460474984376, 189.6096243959703], [689.5791751580512, 967.7240924175269], [224.4656738254339, 788.7906241585257], [731.2702031740894, 965.7815350905536], [683.3944597281135, 935.0961437202668], [700.7762732639055, 998.9174865987076], [719.8829263968936, 842.2425075889661], [320.2338566196247, 173.5890996740585], [646.9984439568649, 868.050238444853], [736.569060898552, 1028.0790633918782], [643.2662478795537, 1018.8290172180614], [319.67928860584544, 227.56323659694638], [331.8586860270726, 99.66926275424144], [368.97066942525726, 217.68299263595435], [484.33174714254034, 712.7826241733364], [696.3512715758162, 980.1982377688691], [385.84741480041816, 715.5018311135934], [267.91192923753056, 702.7773845082926], [409.44232991466663, 792.6641751009566], [505.3011081080601, 691.3515610948381], [371.18041055001703, 708.3802735458064], [398.8509468125559, 704.2233014695556], [667.793883136002, 1033.2801874723623], [221.40723608538585, 826.9140473286227], [638.8313289832911, 1093.420625800738], [749.1572318533146, 938.0121789972546], [741.0222811781897, 863.1894844254887], [589.0849744911285, 1027.1803422283506], [350.98481650499184, 207.79931901473705], [710.4837100155428, 906.4924804552261], [363.64511245388746, 772.4683263626804], [348.0976416817823, 151.3474143726496], [312.0189319508255, 234.01499379764533], [735.2113441771623, 1065.217816188423], [631.348450793609, 916.5822868403909], [412.4822569833362, 246.75731894161288], [753.5998052625, 1004.5309458665386], [605.5599167368518, 990.910524599397], [397.37806075307486, 710.489760003613], [316.98562274761844, 782.4200825366864], [253.81307785856677, 705.4272182503768], [771.7504975718126, 878.8228355978026], [288.5536572389068, 731.195287200398], [670.5996439823383, 1006.248010657001], [685.9288241484438, 912.8555664337306], [686.9512972307514, 900.3358874138969], [284.43455314567746, 111.44285014560099], [317.7461186079048, 735.8169801771961], [406.8473185473376, 723.4768388293079], [303.25665484437894, 148.8255449065199], [281.5029453962967, 828.0949754459264], [427.67614029670966, 717.5488302616969], [630.2073840716874, 984.3869844645081], [335.0324386936446, 767.0178173272978], [650.3324910022276, 1030.4270973640182], [727.417759079848, 895.0679353159873], [663.8456005935419, 925.1681341225991], [165.72997632590943, 782.8499644472132], [417.86798864212835, 636.3260394002463], [338.41489148145024, 162.98242224657417], [729.7440707715556, 922.0719130353132], [276.0087611759071, 136.15660418495162], [408.6417132737477, 742.4098006324173], [592.2328237808957, 959.5486372539976], [740.1822190447235, 961.312226345771], [251.49183217411976, 798.7586256058042], [318.7148958796499, 300.1048052852455], [489.0959269360482, 719.8125308147678]]","[[0.0, 474.84742481098, 212.4876188149542, 164.1675375302219, 351.4021064237665, 268.20676569144655, 200.1225447521893, 453.77796682937736, 494.336180586586, 276.10561687533726, 430.2074980412302, 127.57004530055968, 301.26505905685127, 237.2662872863545, 443.3092156518188, 305.4499990073337, 515.2579121721709, 496.76918841744316, 133.01144223305826, 411.95900822516495, 406.9640766198981, 249.89927868420216, 350.0319639846856, 253.7571938730789, 260.9265215591363, 242.91066636047748, 479.48991338384906, 384.525442382536, 75.32498759178408, 44.405953168315015, 382.12170848027847, 230.05374651840168, 489.1608361870147, 369.072525749037, 324.58097562442845, 388.9745705283246, 337.5680740689957, 401.8733633647353, 286.305176535549, 507.8681176055579, 261.31617974225793, 444.6809010108124, 397.42632173200207, 458.6940554299806, 573.0568662832627, 449.37536462311294, 76.09907537990574, 383.2663295695154, 147.64892708470217, 253.66184122964071, 182.9006194228887, 49.3224690678382, 157.48830064555102, 130.82433213090886, 419.45876320811504, 345.9979973702749, 467.4122182691045, 377.1165102204584, 316.0635217088776, 391.4947268993358, 464.7533172436767, 328.5467053635841, 198.79930594131966, 518.8990010574315, 456.20697756021116, 476.582527302505, 297.6448576930121, 409.0192491606301, 433.6028772463727, 359.77575338022336, 135.15061943253608, 241.7538047918308, 267.9887509752317, 349.14280267014135, 242.50093129923397, 395.52252189630866, 319.86176740676234, 309.9354440160683, 579.0548675573793, 217.51010586522725, 134.4025016677935, 537.2770801791672, 297.56852322722506, 114.4422768397518, 360.61275034831795, 218.13718835054473, 410.69942078160625, 330.11787781405525, 319.4108174428527, 375.7169736766018, 96.75338937704889, 511.1437695980534, 352.59598732576313, 559.9948063998278, 145.23006104595066, 326.09798382931183, 390.35854438554077, 305.6467825966982, 394.6950841939031, 80.99117965283455], [474.84742481098, 0.0, 490.2333873193268, 536.6535046802362, 826.1244233978151, 731.6433602778361, 566.4312211703149, 928.4827717704144, 47.560426940372324, 533.3928372358624, 68.89376822058499, 460.0997549019466, 771.3826993382904, 526.3729682599085, 915.693280886704, 780.2568843270037, 47.077055340981616, 32.227659768439736, 503.7095617522404, 884.2949631834299, 881.6497554141068, 499.34373283560905, 525.9757180528064, 605.5721775980193, 593.7396060032389, 717.7031117563035, 40.66826397972277, 855.1938289084944, 478.588832232849, 504.6523504882339, 854.7677780718344, 417.2222104946783, 31.87039673304663, 843.6604251347297, 580.9637874071169, 861.5173349993195, 811.7881251132155, 876.5663006931471, 749.8737233352247, 41.82179219804529, 735.5165898680713, 918.8193244990853, 870.8597372789336, 16.406239875105467, 116.54924380046462, 58.89215279252004, 528.1358643443201, 857.8476036848967, 506.99475547062826, 490.41743033279255, 586.9332143445863, 515.5183231970043, 497.9454304036603, 497.9955518672776, 893.757646483377, 619.1266854673606, 938.6507515072773, 846.5367785174373, 778.9927242001879, 859.5044612871034, 41.29900320693025, 799.7065877780534, 560.837278755142, 73.39025139851118, 19.914784509669435, 951.2656165177873, 772.3402318824196, 107.36011514045494, 906.2370161669633, 830.9935415453552, 503.906161002495, 568.2757420694883, 494.46573664713577, 809.1899616739225, 517.4624405242594, 870.209306548048, 793.3005606079606, 782.788405277731, 105.91939714067549, 521.6867494611746, 518.384221663692, 65.72544334681737, 614.5794462128385, 516.8944180080318, 834.0425240243401, 553.3909768437169, 884.2811097315056, 798.5529131857427, 794.087226076979, 586.7250612762504, 435.65946565886753, 58.47032633511807, 822.8825627317666, 85.18382593902132, 537.3226138253033, 796.9436917430804, 862.0317654659622, 587.5124187942462, 86.3423646024934, 536.3479780487894], [212.4876188149542, 490.2333873193268, 0.0, 85.64124696967708, 442.99113768540946, 416.3535709187711, 92.05532443305795, 535.433270440564, 489.4077841126853, 66.86944848343366, 473.1927014737684, 86.4984062247771, 355.24243079867625, 38.245786356261206, 492.3899731412471, 394.0285744130301, 516.9459051163961, 520.0152697701282, 88.66605681089828, 463.4925138408116, 479.74360848818816, 37.52374507489724, 138.702358558174, 116.85503843236904, 103.51111447957668, 349.74560259104345, 511.48365643303674, 498.91376932744964, 138.01708398634787, 186.2853021608119, 488.23787345278885, 78.35366635813055, 515.1756085750084, 461.1268011197236, 120.8730278960438, 494.89592807114485, 438.03640937980543, 488.50866401200426, 431.46871515585394, 530.9086110156576, 373.7080131644991, 534.6488359402371, 457.43041517521317, 476.93313237472887, 605.1074314138657, 490.1725102896616, 173.5143408270418, 473.8520082569752, 75.6447343584487, 43.13842295063379, 132.19135924412714, 194.72083317903883, 60.29161261832866, 87.83200859763251, 485.2202787481891, 151.77497062123769, 508.70823634410067, 496.5192231623951, 458.3788363002617, 426.0238256251951, 498.22395323685316, 447.66743661006956, 86.02542786117498, 554.3118223209568, 470.40380592285175, 556.880338705667, 384.2195399028733, 468.7726740016352, 534.7387879606092, 410.89217373889153, 86.57211060314722, 78.23020275245452, 57.21498172669493, 492.6362855062221, 34.95333602310506, 469.4674036794318, 428.9563961805053, 423.9208632492527, 593.5705162291639, 32.11175042638834, 97.70510008237437, 555.6464168906518, 127.15056342216923, 117.3936888770952, 424.5749709458372, 67.04780303600054, 470.54823761424393, 457.9686635587688, 416.1937523893806, 165.1077201182737, 126.70103750843839, 542.1279616674994, 471.91513710653544, 569.3386013127688, 104.75476633048729, 379.7010725791736, 500.1756845395323, 111.5513567245247, 404.38616621344664, 178.74097720148592], [164.1675375302219, 536.6535046802362, 85.64124696967708, 0.0, 357.88850114368023, 332.82320142581386, 37.84537567016812, 451.64541104983164, 542.2729254356561, 128.32649459547022, 509.87736505552056, 78.03937027582687, 272.1756725771404, 88.23406675385165, 412.215968100027, 308.76909960960324, 568.2856716840923, 564.4611196607045, 37.92957918165718, 382.56286933978123, 396.3766845332375, 116.70218436584209, 214.0355435576565, 91.63617449019995, 96.78159729119946, 264.1967018915325, 552.8232737625029, 413.28698506857626, 93.38999190595541, 126.22951789258549, 402.74327707826455, 153.257009861935, 558.6040215617649, 376.1022588918726, 167.45007911539088, 409.42308874812045, 352.55772502694526, 403.99700581205144, 347.4410308768015, 575.6304016306552, 288.1848918003108, 450.16480725088866, 375.27329442387503, 522.1189034485527, 648.0402524849329, 528.0251035522365, 103.41569220148436, 388.98494977041497, 29.927100997694073, 125.74521173851875, 52.64421811159268, 130.79902377138416, 39.97671767051334, 43.10091156210563, 402.68192815878143, 183.8422205013722, 430.0238795862301, 410.8826704159108, 373.85083635534846, 347.1972963932251, 538.7798027599551, 362.07711113720944, 35.21536705706261, 595.300248677238, 516.7643496623514, 473.3632786478163, 298.98204982539653, 499.36143328900584, 449.57205344840935, 329.21043510270397, 36.68064379104126, 78.48318182350661, 138.3010445157765, 407.97184052687595, 98.68140063817124, 385.8871472161474, 343.3186357055856, 338.29881349554614, 642.1001288601169, 69.12854289782253, 30.132551041213507, 602.3398091625828, 133.40247759790938, 49.97165034806727, 341.52581412297087, 55.53957191530832, 388.5734300123229, 372.58511550975925, 330.74477261897414, 223.62702380479737, 113.60291334375023, 584.4015881534905, 386.29476763596114, 619.1551168595986, 22.640183901904766, 297.1468610599016, 414.61726749631015, 144.88444603185258, 450.4069236256567, 106.03279140370257], [351.4021064237665, 826.1244233978151, 442.99113768540946, 357.88850114368023, 0.0, 130.81386880710483, 356.8728841727806, 102.37587526324066, 845.4346619817595, 468.2494160495541, 779.3949456157271, 406.26035138257123, 98.65440437967924, 434.8872630339686, 116.54524296066123, 49.48873761744106, 866.6406144943946, 847.4479981737952, 369.66258984783843, 93.10337573792037, 62.14413344614117, 469.6472786064617, 554.2847187479392, 370.1248449265932, 392.7163663000654, 108.52359476124776, 829.4349242996211, 68.47644789350754, 364.1120166667801, 325.8243294481036, 50.38277450980503, 508.49533418580324, 839.6540383718902, 18.45633740500481, 481.57818523992836, 55.80344513335084, 20.658977506960227, 50.479842084416006, 120.41160099904127, 858.4758597848132, 91.47580372119324, 94.84216269204025, 72.35812648069073, 809.9260817600084, 921.8242129291136, 798.553841399405, 308.9403657639756, 32.329995446446446, 376.4384388420205, 480.0427005064272, 312.4046791975145, 314.07769039512425, 392.3087733232533, 373.9439849147444, 79.16623916632157, 472.7611565253247, 143.86128058306218, 74.43279525623495, 111.8362545116878, 113.69089855330976, 814.7037918778911, 58.84801771102097, 362.0951914595647, 867.8334087994739, 807.5688278460466, 125.18302583579583, 59.103274173821085, 755.516467305101, 91.77126214177297, 79.77735388556701, 370.88503211513654, 398.7082993501727, 490.75063344177147, 121.64305069378356, 447.76096063620184, 51.99017069022607, 42.77951291173723, 55.24793971513602, 929.900048253907, 420.28855368433085, 355.2257737031995, 888.067470883477, 414.85473793177016, 343.74036015044203, 55.127196577339866, 389.68654390481703, 80.24240900235381, 78.27746030682606, 32.08016536755092, 538.9669442177362, 410.1736398192575, 860.8331440999242, 62.313415347343266, 911.2239171585586, 341.7997523719029, 84.50935928391547, 63.937538763567105, 452.7724340821671, 745.9560245794537, 300.4734809700593], [268.20676569144655, 731.6433602778361, 416.3535709187711, 332.82320142581386, 130.81386880710483, 0.0, 345.70801791658204, 218.19102379336306, 755.9361659561544, 458.3351700050666, 679.3553688213952, 357.43822563032506, 169.1508896335916, 419.75669436831754, 247.3295964334717, 116.05155184575334, 774.6429695233046, 750.1053336330374, 330.87006612149264, 222.45646425640751, 191.89373755807074, 449.461996261692, 545.5692861983157, 376.70354598515075, 396.8694576184608, 89.84185392392185, 730.3559368559681, 128.07502562025883, 305.21511993733134, 257.0012424042872, 134.07123594006526, 467.6009586353346, 741.8248934886532, 141.235871322456, 485.7776954767267, 139.83381883176477, 110.24872359727406, 171.31450516213326, 18.292472586406653, 760.8282613475253, 73.6570588920769, 202.22677148888306, 201.93102941970014, 715.2514613104609, 819.843838543879, 698.3009712475548, 252.10280126066954, 152.91051431899442, 341.79772685954055, 458.14811523347686, 301.2874422362897, 244.89871694473203, 357.99530394976074, 333.5550162115294, 209.52211018791084, 487.26928674297295, 274.664194005959, 117.4254520942845, 47.95582875993528, 232.5088669184228, 715.7690253459147, 78.72803857740159, 349.43682368974686, 766.5407044605153, 714.0726080101019, 238.9108269906315, 117.74732333636146, 652.1686786276435, 182.36564487126032, 192.9837919818834, 332.6626953901021, 394.3084394576317, 471.0324000328295, 81.1373177665765, 431.0825674327178, 182.47948554995637, 88.05900793023041, 75.73343521377511, 832.5424652632614, 401.60195010353976, 319.3440676966104, 790.7912853748649, 427.1729110067631, 301.8490276508369, 175.1610717861732, 378.5524996421658, 210.8735924644873, 69.84431986230291, 107.20623481607957, 544.802058099865, 348.1749021048407, 760.9571854031365, 96.61189280154574, 815.8129924299926, 311.9445130131204, 175.8424179455662, 137.1937446708714, 458.1044330521228, 656.1372315707544, 244.6904050470153], [200.1225447521893, 566.4312211703149, 92.05532443305795, 37.84537567016812, 356.8728841727806, 345.70801791658204, 0.0, 446.3476084346495, 569.9463619700525, 113.56056396114629, 542.2162174882238, 112.64781788016128, 265.8693411958409, 78.02561017383587, 400.85463151202947, 308.7585820159618, 596.5405729594883, 594.8769468601929, 75.44787887670141, 372.28505938180973, 390.2697415042797, 113.19854416259011, 201.03224442443704, 54.03714839996813, 62.092121311897415, 270.5556152822535, 584.0785214068721, 415.95521367815013, 130.9599861249289, 160.29649591293511, 403.78932534795365, 168.44035402015936, 589.2983271242988, 374.6819185424905, 142.5591518153231, 410.2696709595234, 353.69565692581733, 400.707587090041, 359.1119070071493, 605.9869509496885, 294.5644001366755, 446.67275427785876, 366.9320366785761, 552.2333265493086, 679.019688326526, 560.121614111018, 134.49108714744094, 386.91185400903265, 65.20318028592065, 123.96679286579415, 45.34730610077507, 163.43537125023641, 69.57023322699831, 80.33406382961225, 394.95289383560913, 153.2752875644957, 416.8048235091862, 414.7501967042689, 384.03528940408444, 334.2006877729416, 570.2141359206129, 367.17505533895394, 6.095630600508786, 626.7253678078464, 546.5170051219444, 467.42185400569974, 298.91823885963123, 533.0206669120007, 448.5259955018112, 320.18412227312916, 74.01264550365488, 49.829559859086224, 134.0103100859606, 417.5550452355498, 90.90253562688653, 380.2685356000503, 346.71413939445046, 342.9865545491808, 671.4034184800591, 64.41498532842651, 67.60745424146275, 632.1556728550738, 98.84947897926426, 85.79270398545647, 334.91333168696127, 33.35849512522759, 379.9006433877115, 379.3955170635575, 331.77121135239975, 200.93400354041196, 150.476315144274, 615.4628996098847, 390.7528057229146, 648.0066257950169, 54.95362497488357, 289.7285983761018, 416.2213201250174, 117.00122492146646, 480.08888802172396, 135.52722509666467], [453.77796682937736, 928.4827717704144, 535.433270440564, 451.64541104983164, 102.37587526324066, 218.19102379336306, 446.3476084346495, 0.0, 947.7626213385065, 554.3885886932751, 881.461379950369, 504.80786491405, 180.4785887916195, 523.6904619933725, 82.04687422883674, 149.78290409818283, 969.0130124951845, 949.7164656667977, 466.6331224857039, 90.53932615215167, 56.46474550695435, 559.5171106249595, 638.3238014312568, 452.2926931757032, 475.12806485609025, 210.888018166986, 931.5965070526499, 97.1702370541099, 464.7532522243337, 427.7465895326017, 84.84790084575476, 604.077470156709, 941.8955803533809, 84.92563758310781, 561.4317043234674, 80.0200049636854, 117.51861009588887, 51.91661884701931, 203.2468650185422, 960.7323773496621, 193.31095382488994, 21.562998057178113, 84.81620221521575, 912.2783336442121, 1023.7769207559983, 900.61199390594, 409.8924055576992, 70.78997753233908, 472.30930461246936, 570.3120724346732, 403.3852812760217, 416.085175483468, 487.8061231895814, 471.19637932003025, 57.30941308609622, 547.8622554071412, 97.57044425323468, 110.39225378472847, 183.07448018109102, 135.94436073426527, 916.869456852769, 139.595412429372, 451.9164692872171, 969.8307278080617, 909.9394392090967, 22.82569141870794, 158.5996611202751, 857.2216091196873, 50.623933310677195, 130.2093769079367, 467.70513385545587, 484.4380395860479, 580.0866135628736, 173.39211405725973, 536.835992119098, 66.08152857712398, 137.89724021933318, 149.72014802658074, 1032.1874381208304, 510.63692161142603, 451.80106256197803, 990.3492829136679, 492.8153630772076, 441.8225783974331, 111.74840208232125, 478.18661378399906, 74.98404824850395, 150.4273762950593, 134.39558110187738, 616.7635038838496, 510.85778819626535, 962.9488735496446, 123.5230890760618, 1013.5733200446417, 437.2145237682587, 157.1247052101904, 85.72026461482555, 532.8494935300415, 848.3116153772338, 401.40370661835635], [494.336180586586, 47.560426940372324, 489.4077841126853, 542.2729254356561, 845.4346619817595, 755.9361659561544, 569.9463619700525, 947.7626213385065, 0.0, 527.6314828000261, 114.3805146009612, 467.48465880247494, 786.2631976123951, 524.2169275933079, 931.1335018894932, 798.6347342489416, 29.33503263292595, 68.48335961961297, 511.1534035987918, 899.8041780912603, 899.4724835083418, 494.9769623650973, 512.5153232158194, 605.9436485495369, 592.599977691994, 736.9193641205206, 86.02915488805972, 877.580735333912, 491.11991312952443, 521.1201833813004, 876.13598545384, 413.81072536067836, 73.22178556344247, 863.2432022347954, 572.6724385910028, 882.9536461153137, 831.8945763510251, 895.9110397823213, 774.2214033433895, 72.28992372010796, 755.6520362180594, 939.002947712777, 887.1859659613127, 57.8486992086756, 136.52375952481998, 106.24033946799071, 542.6904507592601, 877.434306761713, 513.0936851154823, 485.40701795026644, 593.6795841788581, 532.4212210923918, 502.8169756081373, 505.49735265081256, 910.9005898830164, 610.9152297712099, 953.3453104140309, 869.4225244752024, 803.6226983396165, 873.0718841516486, 88.77455707382404, 821.787030402445, 564.1690897682505, 107.93606942165185, 52.0139639749019, 970.5855734799082, 790.403490037078, 152.60240380546784, 927.647945333687, 846.0812367618747, 511.1451585680353, 567.6209361406657, 488.1106668819686, 834.6160371188411, 514.4457764268528, 888.0548261465436, 814.0994052992029, 803.9696737794967, 108.15523384086555, 521.3299471848973, 526.1989810939575, 79.6525975097864, 610.985408053672, 526.6477265324764, 850.4770290373339, 554.3549963018992, 900.6949653274573, 821.6876331703177, 813.5303860390719, 573.7116391533026, 446.7306352712943, 93.21562215958967, 845.379662332102, 82.3193424005162, 544.910442798913, 812.0093479350926, 883.9503881517458, 581.4692312252181, 99.87312580112017, 551.0549443877513], [276.10561687533726, 533.3928372358624, 66.86944848343366, 128.32649459547022, 468.2494160495541, 458.3351700050666, 113.56056396114629, 554.3885886932751, 527.6314828000261, 0.0, 522.7855460567127, 152.53211114683705, 374.598396409173, 40.49463252798479, 502.9519531982292, 420.8145612484308, 556.0742554783592, 564.2202255902013, 145.9210487403115, 475.99385303903114, 497.9720573332253, 36.661606811213964, 87.4906994878929, 105.03601159194913, 83.18853300958301, 384.1090963384744, 557.8382961972147, 528.6972965960975, 200.84853054185874, 246.08265669214978, 515.963123824004, 117.47700395695078, 560.122099813803, 485.7664397456885, 55.075851949749016, 522.342636473274, 466.04546310693337, 510.5189891950262, 472.1266668270383, 574.810336617312, 408.11100284984275, 556.1251319215503, 472.7607990592443, 521.1215605181453, 649.5646432420602, 538.8993059478025, 228.73539977040554, 497.568040138592, 131.327179496795, 43.405561327212006, 158.88059349190297, 253.17443876297483, 119.07580544341043, 146.75420657351324, 501.13136846669596, 89.65949522260502, 516.2534624353186, 527.831945013719, 497.3889796097277, 435.10916764854227, 545.2166859141233, 480.55150870603484, 109.27429628844594, 600.4761183862611, 513.8524071919563, 574.7889275330879, 410.9969099467411, 521.685262706812, 559.5471784702531, 425.8537500064382, 143.7074069561226, 69.95340047360266, 39.78811751685854, 531.0103000583598, 33.64203119723357, 488.45288364885187, 459.7835282723146, 456.3235765677805, 634.1206771076464, 60.569745768707755, 150.51750632946255, 597.9061800060789, 86.38134145194913, 172.00433292129748, 442.64220868439537, 80.2329757999811, 485.2683120598657, 492.93625276534766, 444.1485678315621, 99.6156048853068, 193.41277463411475, 587.5704810869795, 503.99389240358414, 609.1204844554109, 150.78644183611058, 397.2674439660985, 528.588285099011, 54.12943918186811, 449.042644770659, 232.58689763808408], [430.2074980412302, 68.89376822058499, 473.1927014737684, 509.87736505552056, 779.3949456157271, 679.3553688213952, 542.2162174882238, 881.461379950369, 114.3805146009612, 522.7855460567127, 0.0, 432.0001857520695, 730.3908430335748, 510.68069673827574, 873.4154489088488, 734.8468382851165, 115.1280712010564, 73.51512926603871, 474.8513923869293, 842.039302404209, 836.5396251091787, 487.23262345378987, 526.7696214638297, 585.3273393639586, 575.7568057154938, 671.5465798035771, 51.312949979695716, 804.7067126385177, 443.1311887451997, 463.60474576331046, 805.477873978187, 405.30917477581175, 64.50437960591289, 796.5392573885306, 573.4193483882553, 812.1262793338733, 764.1484457662455, 829.6232375553748, 697.4554646302611, 83.20426093851643, 688.1512050145983, 870.7448884192227, 827.633477619872, 56.547366296137405, 142.8646968364842, 19.174594460654852, 489.34664218571805, 810.6738112923731, 479.9514989601974, 479.38085616577763, 558.0298422309093, 473.7792923309969, 472.74254828000454, 469.1388360582078, 849.4417819126612, 611.0415662873171, 897.2306492586505, 795.4949947199948, 726.151453909027, 819.7946907626263, 37.20529172927572, 749.756863003934, 536.9436144369288, 88.69735163228286, 63.646455991782545, 904.1331340477964, 727.3523776879307, 38.47366296125434, 856.7466657912346, 789.4722443993912, 475.3281009181453, 549.8988308321871, 485.3093642192474, 755.354360701317, 503.1313602671706, 825.1099753881588, 744.8973322985784, 733.9671427330173, 154.10643703760547, 503.4981513770317, 488.81497182484105, 113.04850547722086, 599.8693109035833, 484.69096229349077, 790.820037287086, 532.9087326883451, 840.8985241715683, 747.3721130562362, 747.3173318417919, 586.073488674264, 402.88595036449306, 81.65705136461156, 772.3663063707193, 140.81157266138985, 507.8241976896431, 755.5972125572459, 812.0719761291488, 576.623979555821, 85.9896994973557, 497.268679430578], [127.57004530055968, 460.0997549019466, 86.4984062247771, 78.03937027582687, 406.26035138257123, 357.43822563032506, 112.64781788016128, 504.80786491405, 467.48465880247494, 152.53211114683705, 432.0001857520695, 0.0, 329.9775102324819, 116.72854256760435, 473.8711952872507, 356.8345598755316, 492.9167838299222, 487.4534896348023, 43.69476336249079, 443.23664547631535, 451.4154775037919, 123.32102632746968, 222.58085560954922, 162.31071484272343, 160.15326450302845, 303.68294969055603, 475.35541675399617, 454.6809984685535, 56.55298259704751, 108.06535292833566, 446.99752719525344, 110.83988363104515, 481.4333534310467, 424.7164072008306, 204.61643474804106, 453.87670987919466, 397.7142506017704, 454.90898486416603, 374.02312594801845, 498.6513040698031, 326.63894961205546, 500.70877060523185, 433.6021411476313, 445.34501772309005, 570.6664028769301, 450.2182017461709, 105.36643114507051, 438.3435597462558, 48.17419692276294, 126.34660229016957, 126.84123317194239, 118.51922031086536, 44.732438190344475, 38.018271288538614, 459.82547765285193, 231.4963768530021, 493.7221096663715, 450.29163998227085, 402.59404880804925, 411.52870743808273, 461.23372523584555, 400.4436298611631, 108.09126652081021, 517.7338112972554, 440.2520215039801, 527.1945960424167, 347.41366875101096, 421.33114332692156, 496.3876074781188, 389.14441679614407, 43.810739096104534, 135.78148551631602, 140.6309307502287, 437.0486236375602, 119.15241728689959, 440.4119777210722, 385.0498555708068, 377.9987183817339, 565.7903313194964, 98.90827773889167, 58.73914473553012, 525.6959033622902, 193.41846537884902, 63.161400873759064, 398.1554042534192, 113.36080510975601, 447.14241931835795, 407.66535739532765, 376.61816594045024, 251.52533285737593, 42.29965457310325, 507.0149185427447, 425.1971297563469, 543.2167091736926, 77.43967803873619, 355.72348819840215, 457.7483018493856, 190.29333676337953, 374.0454429530473, 112.77371053525411], [301.26505905685127, 771.3826993382904, 355.24243079867625, 272.1756725771404, 98.65440437967924, 169.1508896335916, 265.8693411958409, 180.4785887916195, 786.2631976123951, 374.598396409173, 730.3908430335748, 329.9775102324819, 0.0, 343.2831912025433, 145.02427341100534, 62.45830798589036, 809.3215411478208, 795.0644156206486, 289.7946572925326, 113.86326529555191, 124.51803356618696, 379.04430246551993, 459.4551645385956, 274.0033994627171, 296.76976466755804, 89.76973131216802, 778.8909746295634, 165.99185367740398, 295.87352101771035, 267.04075345499956, 148.97924418859256, 425.22076551538436, 787.8095246007289, 114.25921204351651, 384.7560257548869, 154.44889417272068, 103.88882635432047, 136.1391427166071, 169.3608474099266, 806.2592648352284, 96.48505300495636, 181.536624165623, 103.7124559628341, 755.5424049603695, 873.2066733660278, 749.51624223752, 243.6036412601653, 124.55250519734598, 294.2440873025, 389.8334839623974, 223.08172420829817, 256.6334080028338, 309.32472718678594, 294.6789412706315, 130.60697297603755, 374.65979276301147, 167.27033697927556, 169.63674587853933, 177.57382944423364, 90.66840933419081, 764.1917634922874, 134.47073847665143, 271.44035981934695, 819.0454063567313, 752.177622438263, 201.67809615478862, 55.708472481421865, 710.18439291425, 186.71009211059717, 59.85279772532302, 290.6746389506573, 304.6743333208247, 399.65144485371525, 200.84291384223897, 356.407321441731, 114.40168009656175, 109.114220989417, 113.51781307937387, 876.7274054657574, 330.1651076800373, 274.62091504145656, 835.2064926675666, 317.3016082657057, 266.87842020934727, 69.37386670569755, 297.7846971103451, 117.21466871920074, 153.72868115577324, 85.15069464002781, 441.57969897989483, 341.3910245442217, 810.7179700447944, 150.96231341817725, 856.4457505129288, 258.9839978126817, 25.868537087730992, 162.48534954203973, 355.97784944053024, 688.2433196538339, 235.27670969213492], [237.2662872863545, 526.3729682599085, 38.245786356261206, 88.23406675385165, 434.8872630339686, 419.75669436831754, 78.02561017383587, 523.6904619933725, 524.2169275933079, 40.49463252798479, 510.68069673827574, 116.72854256760435, 343.2831912025433, 0.0, 475.85511241137067, 386.77605618164625, 552.0443739417598, 556.4319664973144, 105.89377637372579, 447.94492100434616, 467.4715781440013, 36.88070510131636, 126.0084155533906, 85.93475868084064, 68.97709059076271, 347.4508733443704, 548.3742364979298, 493.81458179202906, 161.9453458183318, 206.06014022311868, 481.7861881135817, 110.61246190036238, 551.7599142383691, 452.6745066484738, 88.11058037751768, 488.276963924495, 431.6733176576319, 478.49766019102407, 433.8882042791847, 567.2620380147338, 371.49915694731567, 524.3976805979412, 443.4450879112151, 513.3096758112156, 641.6384274308233, 527.5173735318853, 188.2598057360954, 464.85335920419055, 91.20566176520578, 48.25925504663438, 122.9798003782177, 212.92058331490458, 79.78454293599253, 107.0448182383801, 471.62731737670595, 115.6064189867669, 490.61152459807835, 492.42766648275176, 459.6110684031137, 408.53058247697516, 535.2382189781811, 444.55705471045934, 72.95042562311964, 591.1891873732868, 506.5955460025262, 544.5641215732819, 376.93514480499937, 506.73771068530255, 526.5209632942043, 396.5730461436581, 103.6804247726446, 46.046384171675115, 56.45196510880029, 493.44632965207654, 13.283144284637858, 457.61566809701435, 424.4247598974328, 420.4397035284621, 629.1254423492614, 20.166789169502596, 110.04780237168129, 591.6164354107034, 89.23461667110392, 131.56765712869506, 412.07730566909856, 45.504008244976546, 456.24983964520874, 456.31119088419325, 409.7479637751998, 139.01519162948145, 158.6728361642562, 578.8419991413305, 468.2992306686621, 604.6671080770294, 110.54805199945643, 366.7762795871525, 494.18620101469986, 74.67825444636661, 440.7965763583673, 192.0928769301744], [443.3092156518188, 915.693280886704, 492.3899731412471, 412.215968100027, 116.54524296066123, 247.3295964334717, 400.85463151202947, 82.04687422883674, 931.1335018894932, 502.9519531982292, 873.4154489088488, 473.8711952872507, 145.02427341100534, 475.85511241137067, 0.0, 145.4069563680778, 954.0192240336046, 938.954177691576, 432.7829463947283, 31.404331747910753, 58.57578961645795, 512.5126467859371, 583.6603093216918, 398.48487851420225, 421.0944532493981, 208.24591713940433, 922.3574923191787, 153.4592159382179, 440.89639622143824, 411.0479454427382, 134.06629569869708, 565.3504327706256, 931.5793066458191, 108.70101670156552, 503.6531336736208, 133.03382365466692, 137.1761572448732, 88.04061510178772, 236.7222532313517, 950.1238739014827, 198.6183568964029, 99.79037830954353, 47.84115319927715, 899.7798863643395, 1016.280016651898, 892.573074965937, 388.4453232294499, 100.79354802717172, 436.1501845568243, 523.6899269628713, 361.0248347559438, 400.2969857309636, 450.6469522852051, 437.85443215346186, 40.67813990740939, 486.3256003851219, 27.368372071282366, 165.81380178027896, 225.1825967043814, 68.06537733752319, 907.6355581529463, 173.20693127504637, 406.74846880189796, 962.112474712758, 896.5790375115324, 90.68704088719318, 150.6493260907684, 852.102251461912, 125.51564323558276, 85.18263303701252, 433.5197428092114, 433.6791063326097, 532.1169434470863, 226.8565772553263, 489.1372875626922, 65.78854842384932, 159.27066412912086, 171.64083493313532, 1020.8329268225657, 465.0205326171353, 417.4516159974638, 979.2237737298776, 434.39940441155755, 410.9768882678886, 83.50479395128477, 430.7826430287377, 36.68709354125823, 190.5544220256422, 142.79682466820285, 556.5961157778609, 486.37414550190095, 954.112692897346, 167.82210021440758, 1000.81777996808, 400.973590790575, 119.19312742312037, 142.28496227892208, 475.65851773108733, 832.9200493906196, 380.0790044168173], [305.4499990073337, 780.2568843270037, 394.0285744130301, 308.76909960960324, 49.48873761744106, 116.05155184575334, 308.7585820159618, 149.78290409818283, 798.6347342489416, 420.8145612484308, 734.8468382851165, 356.8345598755316, 62.45830798589036, 386.77605618164625, 145.4069563680778, 0.0, 820.2419638734959, 802.1463155017279, 320.1797242675419, 116.05783436283076, 101.70217726171533, 421.21098884909935, 507.2951034564028, 324.3510716528577, 346.7394377349045, 63.8384071774938, 784.5600567557908, 108.99212530736638, 315.2266165118059, 278.0861327218435, 95.15003320972073, 459.0670646240944, 794.4735963523156, 67.92625355655757, 436.1337064777597, 101.54595761048147, 45.55185287169375, 98.58158589165052, 112.41872573546081, 813.2241909097069, 53.72848130869897, 143.9725695450404, 97.56663257378024, 764.1241443230476, 877.5209036044704, 754.0199774424444, 260.21567291025923, 81.51703787958986, 327.0195210017223, 431.4995846428491, 264.0032512873549, 266.4993963113038, 342.9193595877007, 324.45572988633324, 115.36626567840919, 429.08297830887295, 172.1065683414804, 110.44980904221497, 116.57265825863004, 117.45977207551651, 769.8213017158009, 72.04912799894062, 313.8712321710789, 823.4365125414721, 761.5387850242928, 172.5598316888007, 9.842089833643792, 711.8886883212398, 140.8357243430705, 77.63781565337145, 321.4069553158768, 351.59012818334213, 442.41480698714594, 138.45666446590653, 399.5554020832359, 90.28241352233572, 46.72513691644493, 51.44790654395292, 884.4815016974107, 371.81032096470176, 305.7617170559029, 842.6888836517534, 370.3966856052545, 294.2672396853944, 63.82120926668544, 341.75913651996945, 109.5996051977663, 91.2965231359327, 24.177771897812704, 494.0475719263101, 361.32046068804226, 816.0955657026842, 89.77086611794167, 865.4193372785193, 292.44455916247773, 61.16402689391982, 107.89235691786449, 407.3585704263238, 699.3672878040022, 251.73261390717306], [515.2579121721709, 47.077055340981616, 516.9459051163961, 568.2856716840923, 866.6406144943946, 774.6429695233046, 596.5405729594883, 969.0130124951845, 29.33503263292595, 556.0742554783592, 115.1280712010564, 492.9167838299222, 809.3215411478208, 552.0443739417598, 954.0192240336046, 820.2419638734959, 0.0, 52.64804049770387, 536.6109110700189, 922.6530493673998, 921.3566681881482, 523.1811663046625, 541.7427808281972, 633.3017447374432, 620.2674046705986, 758.1261553112557, 75.3507655052623, 897.3208033895197, 514.8730117140333, 543.378464406307, 896.3813279032651, 441.7853540425443, 60.11458346376848, 884.3302915171328, 601.471215897225, 903.1677511855164, 852.7284773219737, 917.1172360079773, 792.9053971539242, 52.21986973058303, 776.4435953458376, 959.8331355621868, 909.6989368054604, 62.55913063069666, 108.51192014456076, 102.67479662202496, 565.7336333647598, 898.5240642927954, 538.9471192716593, 513.7101323850782, 619.4073073454581, 554.5086518244441, 529.0030358564424, 530.9322330047264, 933.0795160953862, 639.7168809720308, 976.5315117139011, 888.9061958020513, 822.1639819099852, 896.6648339343237, 82.76861074851779, 841.6634278994719, 590.8059372006911, 86.40597482456855, 61.27837678391247, 991.823621285051, 812.1456391690652, 153.38030772690016, 947.8870599372794, 869.0803331196303, 536.6640576743312, 595.1759142906335, 516.6192595525965, 852.7278058875521, 542.4273136738807, 909.9256446801884, 834.5996065689018, 824.2821444333781, 78.89537532168006, 548.7933029322423, 551.5573299732861, 51.97976920397007, 639.1189817390278, 551.3929713506841, 872.9333200609426, 581.5516416410777, 923.1759379955589, 841.0281202403958, 834.6645558945291, 602.9252987963696, 470.9491360634784, 72.88252719088861, 865.0542004591505, 53.216880843240624, 570.3531116719033, 835.0048611393528, 903.9269444669657, 609.9774938309183, 121.10327263143147, 574.0459004449377], [496.76918841744316, 32.227659768439736, 520.0152697701282, 564.4611196607045, 847.4479981737952, 750.1053336330374, 594.8769468601929, 949.7164656667977, 68.48335961961297, 564.2202255902013, 73.51512926603871, 487.4534896348023, 795.0644156206486, 556.4319664973144, 938.954177691576, 802.1463155017279, 52.64804049770387, 0.0, 530.9428559964133, 907.5502240137072, 903.7215763454312, 529.92665148986, 557.9071302305996, 634.892847342534, 623.4732239346642, 739.2235171175768, 24.66091951371573, 874.6881134532807, 503.87456901172715, 528.0483550957803, 874.8767410745332, 447.71808691001706, 9.187732714907762, 864.8117824253482, 612.2057236126996, 881.578211444358, 832.6811870283395, 897.8150103281182, 768.2712725257425, 11.247252586187157, 756.4962060901668, 939.5515940451036, 893.7189989980627, 43.141056784795694, 85.34754152543996, 56.825056181554864, 552.3875472846437, 878.9810078654053, 534.6939020187501, 521.141214623364, 614.2669769721424, 538.6678631776895, 526.0720464557346, 525.2200892571799, 916.1751716588753, 650.3327418780981, 962.2563842153791, 865.733205493415, 797.1623718495617, 883.7131599732302, 36.533956938057514, 819.4559825511361, 589.3481494264412, 41.72206892835299, 50.642784726397885, 972.4561998795018, 794.4082761218107, 109.14094442391341, 926.2651673821464, 854.5082538317533, 531.2125647164339, 597.9122339258503, 525.4413383693862, 826.7873194545188, 547.7315972430289, 892.2805741354949, 813.8187371100187, 803.0968969392449, 82.55710829733162, 551.3040172161018, 545.4525093900253, 40.71571175327322, 644.8833004347016, 543.2295433485593, 856.884759755744, 582.6096780573699, 907.0828314866963, 817.6545491287716, 815.375804115507, 618.591036102811, 461.6807839266316, 26.60707856213142, 842.3481567742715, 67.31552093852781, 564.4370427830806, 820.5061559173749, 881.8030473625906, 618.3494569082898, 115.64123743602195, 560.5088383887239], [133.01144223305826, 503.7095617522404, 88.66605681089828, 37.92957918165718, 369.66258984783843, 330.87006612149264, 75.44787887670141, 466.6331224857039, 511.1534035987918, 145.9210487403115, 474.8513923869293, 43.69476336249079, 289.7946572925326, 105.89377637372579, 432.7829463947283, 320.1797242675419, 536.6109110700189, 530.9428559964133, 0.0, 402.40732058361255, 412.4701934956769, 125.21698871118663, 226.3966401684521, 128.5652453008201, 131.19438235159322, 270.15957952044766, 518.6248882670394, 421.03315834262685, 58.78521288921427, 100.18097050615174, 412.14827586374344, 139.5518596932619, 524.860803318285, 388.0791824785762, 192.00112425213146, 418.96524960629586, 362.348526345764, 417.4731300186381, 346.62310693887116, 542.1488789268662, 293.6945182427106, 463.5052738822689, 393.5044651707307, 488.908948073618, 613.9795662020172, 493.173602736776, 84.86543147328618, 401.45688266921167, 14.767268278730615, 131.79615955274136, 83.34768239858766, 107.4016732876541, 28.37579682653558, 5.7251544103795515, 420.1689884291451, 213.10173247891427, 452.05405207412474, 417.46905162985536, 374.3286128479944, 369.59082422145184, 504.4503235840048, 367.8944277682067, 72.11249742050568, 560.9239702961969, 483.8713041692518, 488.81063722548396, 310.5805517377283, 463.3339937628865, 460.6274961279162, 348.4478770736713, 2.2141911213474748, 109.85822091585868, 145.7708144080784, 408.7675465640158, 112.9844256593993, 401.6257372507744, 351.0268955115545, 344.