instance_id,category,num_cities,city_coordinates,distance_matrix,total_distance,optimal_path,status
Medium_23,Medium,50,"[[572.4907082808078, 311.28008795071514], [277.6767505270316, 705.10615637552], [51.903542716838835, 874.4343953200033], [94.17072956324634, 612.8953975525334], [23.98473632109588, 173.93163284519653], [182.12626747386474, 268.5805404450551], [778.913768839471, 557.7297581909268], [601.8683436040511, 256.09084409853045], [743.7147718254494, 542.5614060654567], [203.5287635467309, 273.13809041162017], [577.4126333224492, 482.03208660827903], [488.48805463321156, 823.9388762929136], [532.4665302319218, 844.7401829840205], [64.43788043039578, 979.182945860432], [216.6471270115421, 108.697656157693], [511.44675745356585, 743.7559418926171], [17.449847545227936, 203.94139699064183], [526.8590580322613, 341.05797726389574], [13.443415552373272, 268.16151571779466], [993.4972142728099, 767.0208755929814], [888.163529909671, 670.3330234249598], [534.3201748851662, 55.823901647986894], [748.5769308413196, 962.7918311037173], [492.4936050868387, 107.18417891750332], [769.809889695453, 766.0173739872382], [236.39114309498066, 951.9662412577248], [429.1940558107986, 249.96336227083992], [963.6922812812446, 689.6289259994606], [870.0289344591217, 242.4588458176904], [779.4167566362177, 458.18863291119783], [695.7385478103593, 486.3865585164636], [995.095986067905, 904.2688374135621], [530.9468953059963, 873.1850365294383], [925.7375627800667, 435.278126851042], [931.0634669226082, 382.3952504138498], [821.2547099468253, 83.01792333070968], [293.6477157494255, 669.2545787345487], [220.73410946639206, 269.8692118608076], [629.199117296547, 170.19574917274682], [663.5045426602641, 13.22558380187222], [981.3620114791975, 918.3442196188855], [784.6610877349511, 119.77161732659647], [397.53760549810534, 59.80497934104167], [470.52279441228404, 535.4817780668797], [546.0192444455138, 448.283609945603], [427.60627108176317, 438.8297989647955], [828.0153287527405, 833.0007960523353], [112.08747856384915, 506.65733441922066], [829.1582479250442, 405.47597314258763], [570.2270880281543, 673.8789531251786]]","[[0.0, 491.9494301830061, 766.9118403431453, 565.4748420810329, 565.4408893910494, 392.69281633829956, 321.4777129007773, 62.521181164157326, 287.7650570267901, 370.9281987638906, 170.82292115424158, 519.4954081455669, 534.9594450249776, 839.1733453171447, 409.4683089101169, 436.76278249797804, 565.3246427170104, 54.48825741711429, 560.707666059951, 620.440282064589, 478.0882144414357, 258.2921848218447, 674.8880716399524, 219.21376919235618, 495.7023892074843, 723.4926846606227, 155.8642725489445, 544.2302031042121, 305.39377761517983, 253.7725557864593, 214.13151562228154, 728.169539189206, 563.4386032512714, 374.37795590118225, 365.5568212633282, 337.6198221697015, 453.76111615673, 354.1857781843019, 152.05470825171088, 311.6408277037264, 731.9170735385118, 285.81771155494215, 306.3467290890208, 246.3003315256464, 139.53746248440598, 193.029606336073, 580.9348749467373, 500.14338181307744, 273.4064569356512, 362.60593073260253], [491.9494301830061, 0.0, 282.2155096179948, 205.37108796681238, 588.6476131944568, 446.86072570227657, 522.4541618827517, 553.8185078895597, 493.5708998199806, 438.2856762270733, 373.63570498236413, 241.99715135082485, 290.54344464979744, 347.25912839613983, 599.5229053827052, 236.94349971870824, 564.698288544249, 441.1608539842583, 510.6269424064291, 718.493123678298, 611.4763107236329, 698.1642310877426, 536.7950137437524, 635.340044488205, 495.888296997123, 250.2886391530443, 479.70038234909657, 686.1900998237284, 751.6140257974897, 559.2059523325911, 471.8198054717431, 744.5509606751657, 303.9675577921977, 701.9900155238151, 728.7362554373123, 826.1178896863335, 39.24802351050955, 438.9460812462775, 640.0758689976356, 792.1879902442623, 735.2845830677394, 774.3704803114393, 656.3385053739266, 256.8307348406445, 371.4370934588218, 305.5846194586625, 565.0040615266029, 258.4603294997895, 627.6225686481922, 294.2122332515406], [766.9118403431453, 282.2155096179948, 0.0, 264.93237332783957, 701.0588990843769, 619.690932247664, 792.9979168105933, 827.5324945596356, 767.2955478285501, 620.1189030244029, 655.8501171696373, 439.49497549695894, 481.4795231530373, 105.49582201318802, 783.2580687546053, 477.7623095229877, 671.3776269132562, 714.1940526683921, 607.4915521409832, 947.7005363164047, 860.8066775932878, 950.1836387470444, 702.2541179509853, 884.7556146354108, 726.0466744961012, 200.11712027659087, 729.5972878158148, 930.3288479154328, 1033.7902358709982, 838.1742128881033, 751.7344194804971, 943.6641770935188, 479.0449817681503, 977.9796126481596, 1007.4843385628745, 1103.739666159608, 317.0788582186615, 627.6964404232561, 910.6164127428389, 1056.284242128164, 930.4950928532762, 1051.8790464068086, 884.9203301613703, 538.6380553143242, 652.4989031178819, 575.2424744980431, 777.2169887310176, 372.6688512055375, 907.770278484279, 555.7713405871635], [565.4748420810329, 205.37108796681238, 264.93237332783957, 0.0, 444.53938000297046, 355.371492207928, 686.9616274606727, 620.5371517227928, 653.3409012122437, 356.92325134736996, 500.6475244122468, 447.24210755381023, 495.8378902580636, 367.4923269443432, 518.8601260065868, 437.3142640217738, 416.08829389109025, 510.9939066784373, 354.0598092303865, 912.4378275155285, 796.0676151356856, 709.9719612537688, 742.0747876616185, 643.7429221503802, 692.7731334076285, 367.68965592750624, 493.92336588147583, 872.9007751686275, 859.7553099373397, 702.4929185729069, 614.7262206095048, 946.8710573591493, 508.4526675312715, 850.3242281375369, 868.0551662629516, 899.678416001033, 207.28585412764747, 365.6299402438514, 694.4338372775925, 826.8886722282163, 938.3002470474953, 848.4974940165747, 630.8252310520236, 384.2313693570631, 480.8992836555902, 376.13573741330947, 766.14246861034, 107.73827524639673, 763.6946181361941, 479.94650794140676], [565.4408893910494, 588.6476131944568, 701.0588990843769, 444.53938000297046, 0.0, 184.30181655422913, 846.8877405878696, 583.6947828789725, 808.6403611689924, 205.12917621654455, 633.4100779024265, 798.919738933434, 841.7469011990022, 806.2667883406141, 203.40665795647863, 749.8793004396927, 30.713038198429985, 529.918671529153, 94.81766855250484, 1136.533895124652, 996.6038971716536, 523.8241079054442, 1071.1369010337132, 473.2396673124365, 952.2713291229575, 806.5074913019898, 412.2807495879018, 1071.9113621105362, 848.8149174707008, 807.1428494411068, 740.8652129953125, 1215.0923799290094, 863.6932054882849, 938.8610919384669, 930.7249343170413, 802.4367348413555, 563.9706935636548, 218.89343274854915, 605.225911347418, 659.4027728931708, 1212.7330070284418, 762.6020055581221, 390.59779711415854, 574.5561285319908, 589.7364114683821, 482.78502642074886, 1039.6332793136912, 344.1925125255045, 837.8049685412396, 740.4917486735369], [392.69281633829956, 446.86072570227657, 619.690932247664, 355.371492207928, 184.30181655422913, 0.0, 663.1459808437754, 419.9278545046846, 624.8577141605554, 21.882369612242368, 449.2358774466393, 634.2558047248538, 674.3131567751092, 720.2821218293657, 163.56719240503597, 578.1380866724853, 176.90828738935028, 352.2693227262464, 168.68337236992232, 952.2423961428066, 812.3383984081795, 411.4680252095739, 895.9886551220362, 349.8237695916302, 769.9450910240029, 685.5367917197434, 247.7682210390881, 887.7652712945742, 688.3984472495813, 626.6635119204342, 557.8862213933738, 1031.997758841362, 698.0131997939964, 762.0668237238445, 757.5359509115115, 665.5213376355695, 415.90469868070636, 38.629342957623976, 457.7703574962781, 544.9139360519922, 1030.0342777156836, 620.6386269212826, 299.9821319073676, 392.9488864906021, 405.84638950865127, 298.7394219011867, 857.754571202914, 248.16525095387348, 661.3552322466497, 561.1497574052229], [321.4777129007773, 522.4541618827517, 792.9979168105933, 686.9616274606727, 846.8877405878696, 663.1459808437754, 0.0, 349.7586554920846, 38.32816584439381, 641.9192485703585, 215.2506564396113, 393.9725752293597, 378.3004432421385, 829.5170790976666, 719.5648721059422, 325.79800981946306, 839.6389152210542, 332.3826678546844, 818.4098171518061, 299.74793890441236, 156.89170033899748, 558.3327995341, 406.1965123584063, 533.8799764056612, 208.4864780017657, 670.63641716326, 465.8583820631509, 227.02530504060218, 328.17331030196414, 99.54239608668442, 109.58088123861715, 408.44104161344234, 401.2475582500086, 191.1848019192675, 232.14590292361325, 476.5963506471807, 497.9165872702755, 628.0352110123454, 415.44805335002104, 556.6004719854172, 413.5554143508344, 437.99585023585206, 627.1976270344835, 309.1924412526119, 257.32920327554143, 370.88294418152685, 279.6160000272041, 668.7792564611021, 160.33004316136905, 238.8320879444787], [62.521181164157326, 553.8185078895597, 827.5324945596356, 620.5371517227928, 583.6947828789725, 419.9278545046846, 349.7586554920846, 0.0, 319.6651248929336, 398.7041881484334, 227.26092236067922, 579.056540930283, 592.7264595660164, 900.9404477419658, 412.45622502803343, 495.97712734408, 586.740609954105, 113.33934286174082, 588.5487210639085, 643.7566849549665, 503.5489219876051, 211.35184724947226, 721.7684494373942, 184.7593796294064, 536.8700296979797, 786.0128195286727, 172.78297282561056, 564.6873739818939, 268.5068599959215, 269.01106894180083, 248.69204112114286, 758.1310505549695, 621.1562558331423, 370.1342370409829, 352.59357945286706, 279.4362425316199, 515.4650590035, 381.3832034186777, 90.13844087258114, 250.56447412404788, 763.2790953153612, 228.02657497450303, 283.3358276648327, 308.72471115249806, 200.14290174964435, 252.5090009195276, 619.6511531137363, 550.1534893383456, 271.9864286793659, 418.98457381922975], [287.7650570267901, 493.5708998199806, 767.2955478285501, 653.3409012122437, 808.6403611689924, 624.8577141605554, 38.32816584439381, 319.6651248929336, 0.0, 603.6471208893507, 176.9751388885459, 379.8867698674566, 368.69748140766643, 807.4995134340718, 682.6697998986814, 307.2908585476698, 801.3265568952419, 296.0237024691416, 780.122781115721, 335.817393854974, 192.84975995509367, 529.8674319434344, 420.2585522248569, 502.65833777681377, 224.97449805813466, 651.912251263204, 429.5775785987964, 264.6109598748947, 325.6022333294261, 91.61548214776997, 73.87375425615464, 440.48244092864326, 393.16937100921365, 211.2865315771604, 246.48069086811438, 466.0393272330647, 467.5591031793725, 589.804888061861, 389.576715892162, 535.3784582836674, 444.6222368226504, 424.76794399814446, 594.0474711924587, 273.28369445598776, 219.02471181866113, 332.69329803004297, 302.4262276228727, 632.6469315137422, 161.5332892243344, 217.58279940090046], [370.9281987638906, 438.2856762270733, 620.1189030244029, 356.92325134736996, 205.12917621654455, 21.882369612242368, 641.9192485703585, 398.7041881484334, 603.6471208893507, 0.0, 428.2824415330099, 620.1478076265046, 659.4914757485407, 719.6149051206594, 164.96286817831165, 562.4007940109965, 198.5284497513927, 330.3870311651559, 190.1504820341491, 931.6492680408546, 791.5103146038648, 395.78834552481453, 879.0334389099156, 333.22872083074833, 750.7358403661566, 679.6231267185624, 226.85213721062047, 866.7832426986392, 667.2058856718069, 604.8889847435022, 536.4190347796301, 1012.3757640229813, 683.5634356444524, 740.1857477056917, 735.6927834551449, 646.3211452418725, 406.2384741348366, 17.513123513387434, 437.94106416415696, 528.3296588904168, 1010.601558852841, 601.0291617575158, 288.35819224423847, 374.31273418145463, 384.676074794246, 278.6834614152459, 838.7071713596717, 250.78426170954558, 639.472882090546, 543.1950848690462], [170.82292115424158, 373.63570498236413, 655.8501171696373, 500.6475244122468, 633.4100779024265, 449.2358774466393, 215.2506564396113, 227.26092236067922, 176.9751388885459, 428.2824415330099, 0.0, 353.28152163325973, 365.48230512507513, 714.3543056213894, 519.1631222492874, 269.90900911982555, 625.21416579233, 149.76435984593545, 603.159928779435, 504.3262717245696, 363.3501927009284, 428.38111174667307, 510.32063320274193, 384.3464521192211, 343.02237202195624, 580.6322127673013, 275.3627417338509, 438.52983268231475, 378.17937198347187, 203.40643087171318, 118.40601110163017, 593.9219282795403, 393.90315439386694, 351.44870071553197, 367.41857769160623, 467.6229900556504, 339.96292445382335, 415.00922254962865, 316.1071673777844, 476.6459418971319, 594.5951374889377, 417.3542493620447, 458.94526443364424, 119.50860713463555, 46.09234797913511, 155.91146149471479, 431.2548503678002, 465.9762896123207, 263.128662407975, 191.9813851745253], [519.4954081455669, 241.99715135082485, 439.49497549695894, 447.24210755381023, 798.919738933434, 634.2558047248538, 393.9725752293597, 579.056540930283, 379.8867698674566, 620.1478076265046, 353.28152163325973, 0.0, 48.64977570394171, 451.57421469490805, 765.158475683782, 83.40506581878344, 778.6359013543063, 484.40303111037866, 731.1332871968625, 508.20656245622285, 428.17664996208657, 769.4811222639357, 294.83277732790776, 716.7658897046877, 287.22269289200204, 282.7434508294535, 577.0300416730969, 493.82002771453585, 695.4800276210641, 467.34649905925073, 396.09889441706906, 512.9371295258161, 65.02259183790193, 585.0165044948596, 625.1669929847226, 812.2176465868184, 248.77698761636572, 615.3741692631426, 668.7149463057483, 829.3894222275736, 501.83374357003277, 763.9175309788488, 769.5275152122448, 289.0159997159144, 380.035152236853, 389.89177089151275, 339.64818306707303, 492.28545629451196, 539.599279012207, 170.87788072610837], [534.9594450249776, 290.54344464979744, 481.4795231530373, 495.8378902580636, 841.7469011990022, 674.3131567751092, 378.3004432421385, 592.7264595660164, 368.69748140766643, 659.4914757485407, 365.48230512507513, 48.64977570394171, 0.0, 486.95551493425194, 800.9372614302332, 103.14866841826124, 822.1102526888925, 503.71341862567056, 775.775710575007, 467.5356482328936, 396.1542791454011, 788.9184590029417, 246.25169415728115, 738.6384053643721, 250.05829507892525, 314.89373198145023, 603.6759647615105, 458.2740996514889, 690.42826263596, 458.70089948117055, 393.79572355876144, 466.4436451547922, 28.48541703272676, 567.7334589876931, 610.4443910894054, 814.6283898774909, 296.36063073496655, 653.9523955124587, 681.4450723176353, 841.7763891641409, 454.88977488306966, 767.5816021932336, 796.4477940504755, 315.40099463886816, 396.68815254292804, 419.2361074665124, 295.78185460340757, 539.4613605950267, 530.0745432439799, 174.9840552563537], [839.1733453171447, 347.25912839613983, 105.49582201318802, 367.4923269443432, 806.2667883406141, 720.2821218293657, 829.5170790976666, 900.9404477419658, 807.4995134340718, 719.6149051206594, 714.3543056213894, 451.57421469490805, 486.95551493425194, 0.0, 883.6924206609796, 505.21560777036285, 776.6642352577135, 788.0588943987793, 712.847746415935, 952.9763847335782, 879.7228087292332, 1036.0411648052407, 684.3353775307311, 971.3977316018093, 736.8780309431471, 174.09386419522875, 815.3577549571214, 944.7221855483584, 1091.6681482551835, 884.6637030793025, 800.8675371206239, 933.6683743349062, 478.39964228952437, 1018.6606868615679, 1052.2335580085885, 1172.9805885201163, 385.4772903249854, 726.3294599913752, 986.6182337009511, 1136.641760235109, 918.9402661273984, 1121.2980424277716, 977.8605586490913, 601.4779161906442, 716.7807998554844, 651.0551461499414, 777.4443648962797, 474.9220332540598, 956.0004869278171, 590.7903608746982], [409.4683089101169, 599.5229053827052, 783.2580687546053, 518.8601260065868, 203.40665795647863, 163.56719240503597, 719.5648721059422, 412.45622502803343, 682.6697998986814, 164.96286817831165, 519.1631222492874, 765.158475683782, 800.9372614302332, 883.6924206609796, 0.0, 700.1470191247937, 220.7961193378063, 387.5858111079159, 258.3030600991497, 1018.2757579975486, 875.4247912451873, 322.0431636617529, 1006.1939057056127, 275.85063001541556, 859.103168116385, 843.4996934129334, 255.21010298505465, 946.3390527701011, 666.9331616906778, 662.4602620988019, 610.0635183716546, 1113.0660944485785, 826.5744365134947, 780.6817853240112, 765.049723765411, 605.1526898402672, 565.8207791472628, 161.22336615189627, 417.11048911841925, 456.9425199302093, 1113.6949367986272, 568.1218990609892, 187.3815867511942, 496.5858850309457, 473.0799211052849, 391.7792646136972, 947.8323251300857, 411.46643314555286, 680.6226874525278, 666.6698487815075], [436.76278249797804, 236.94349971870824, 477.7623095229877, 437.3142640217738, 749.8793004396927, 578.1380866724853, 325.79800981946306, 495.97712734408, 307.2908585476698, 562.4007940109965, 269.90900911982555, 83.40506581878344, 103.14866841826124, 505.21560777036285, 700.1470191247937, 0.0, 731.7326628535268, 402.9927911579102, 688.6199145779294, 482.6115415732659, 383.8052261317622, 688.3122004004722, 322.8117716152921, 636.8538540370787, 259.32041851875505, 344.97408562366905, 500.5962630873939, 455.47310312648494, 616.3440242260796, 391.60772262666086, 316.5477270370675, 509.5890167259917, 130.88982357223583, 516.5224426401091, 553.7686630820125, 729.7641376507763, 230.18878269727276, 555.9518653624211, 585.5227689180376, 746.1877606434981, 501.2997234044704, 681.1772952581574, 693.371627682038, 212.25667967890746, 297.4880767409257, 316.2422802154999, 328.9077444031837, 464.4389984714228, 464.0839670093432, 91.31221616882722], [565.3246427170104, 564.698288544249, 671.3776269132562, 416.08829389109025, 30.713038198429985, 176.90828738935028, 839.6389152210542, 586.740609954105, 801.3265568952419, 198.5284497513927, 625.21416579233, 778.6359013543063, 822.1102526888925, 776.6642352577135, 220.7961193378063, 731.7326628535268, 0.0, 527.540235730749, 64.34496986278705, 1126.821619121203, 987.7567847727985, 537.6743695872776, 1053.7555661929637, 484.79741215120526, 939.1352601947, 779.4077614046437, 414.30823589266646, 1063.6104170406343, 853.4487057269893, 803.2653531199509, 734.7454186156649, 1202.601553290873, 843.5438738572876, 937.2850453458794, 930.8789520197716, 812.8497667480966, 541.1114668025261, 213.70766930175273, 612.6793107229274, 673.6165010452431, 1199.7908370874773, 771.8145106708911, 406.4997055823104, 561.4215167474215, 582.3132527868995, 472.65299443698996, 1026.0273519127184, 317.1643422235229, 836.3532224077961, 725.5370316266565], [54.48825741711429, 441.1608539842583, 714.1940526683921, 510.9939066784373, 529.918671529153, 352.2693227262464, 332.3826678546844, 113.33934286174082, 296.0237024691416, 330.3870311651559, 149.76435984593545, 484.40303111037866, 503.71341862567056, 788.0588943987793, 387.5858111079159, 402.9927911579102, 527.540235730749, 0.0, 518.5648619497646, 631.8192459972184, 488.83839601956885, 285.331642404334, 660.0846916369826, 236.3851473953325, 489.5054601016251, 676.4469799060125, 133.55403977286264, 558.8604219628619, 357.05371137795606, 278.39716524507526, 222.8018819413223, 732.429036676444, 532.1427605597681, 409.85546005643164, 406.3126558672135, 391.47601369693484, 402.61711263463275, 314.29337322646813, 199.16673597388024, 355.1704755075522, 734.7328360052597, 339.74923048202265, 309.5598277007805, 202.42131537300597, 108.92405173965481, 139.32137250312135, 576.8039843411123, 446.6078931512274, 309.0865225189542, 335.63460488897937], [560.707666059951, 510.6269424064291, 607.4915521409832, 354.0598092303865, 94.81766855250484, 168.68337236992232, 818.4098171518061, 588.5487210639085, 780.122781115721, 190.1504820341491, 603.159928779435, 731.1332871968625, 775.775710575007, 712.847746415935, 258.3030600991497, 688.6199145779294, 64.34496986278705, 518.5648619497646, 0.0, 1099.711830127074, 962.74461830368, 562.4943206485652, 1011.4012855213452, 505.3739081673308, 905.5112913822987, 719.2319458193941, 416.1487326235291, 1039.5228158864722, 856.9710487762917, 789.1929197097392, 716.3440631480263, 1169.732573674305, 796.1553317616017, 927.4742976398675, 924.7031441599629, 828.75644018809, 489.2750709458653, 207.29772794093108, 623.5001007579859, 698.2634161680112, 1166.0205644812138, 785.3637754768578, 436.96772535392734, 529.510794263295, 562.2107988559337, 447.9492536066299, 991.2471005676377, 258.09088845884406, 827.1916029376989, 688.922852685286], [620.440282064589, 718.493123678298, 947.7005363164047, 912.4378275155285, 1136.533895124652, 952.2423961428066, 299.74793890441236, 643.7566849549665, 335.817393854974, 931.6492680408546, 504.3262717245696, 508.20656245622285, 467.5356482328936, 952.9763847335782, 1018.2757579975486, 482.6115415732659, 1126.821619121203, 631.8192459972184, 1099.711830127074, 0.0, 142.98155761628337, 846.5486927810584, 313.54778305347344, 828.4860184076591, 223.68957551045722, 779.3679434613626, 765.3669229415902, 82.93279141882148, 538.8967797288498, 375.77625851263247, 409.1648119945072, 137.25727337797576, 474.5773136630562, 338.59211702766436, 389.65990857750126, 705.3563064154105, 706.6452924804946, 918.870280780548, 699.2233798916163, 822.862385362479, 151.80914858474188, 680.1059697383357, 924.8362985968562, 571.9375818318422, 549.3905514232347, 654.1727160039773, 178.15051035318425, 919.0605506576162, 397.14230742659083, 433.3970667784507], [478.0882144414357, 611.4763107236329, 860.8066775932878, 796.0676151356856, 996.6038971716536, 812.3383984081795, 156.89170033899748, 503.5489219876051, 192.84975995509367, 791.5103146038648, 363.3501927009284, 428.17664996208657, 396.1542791454011, 879.7228087292332, 875.4247912451873, 383.8052261317622, 987.7567847727985, 488.83839601956885, 962.74461830368, 142.98155761628337, 0.0, 709.1026587470282, 324.06260634073334, 688.2523595886826, 152.19421504932947, 710.0172628894004, 622.3854353802193, 77.9546287266742, 428.2583045490796, 238.39274973002725, 266.20232096706644, 257.2168642343315, 410.79515973063104, 238.03909836310672, 291.1160691585257, 591.1140473610313, 594.5167923024292, 778.3529377125393, 563.2049894101558, 694.4507525807276, 264.9443534110649, 560.2058705700416, 783.2357820718089, 438.8720113215509, 407.8831378008964, 515.4674883972118, 173.43186083867664, 793.1480118137006, 271.3501066636318, 317.956215057542], [258.2921848218447, 698.1642310877426, 950.1836387470444, 709.9719612537688, 523.8241079054442, 411.4680252095739, 558.3327995341, 211.35184724947226, 529.8674319434344, 395.78834552481453, 428.38111174667307, 769.4811222639357, 788.9184590029417, 1036.0411648052407, 322.0431636617529, 688.3122004004722, 537.6743695872776, 285.331642404334, 562.4943206485652, 846.5486927810584, 709.1026587470282, 0.0, 931.9317477873954, 66.23699889258245, 748.217998937952, 944.368996115741, 220.77506897874684, 765.5515754305372, 384.10021301727, 471.1366164400362, 459.82615476662295, 965.4911481714174, 817.3680956764911, 545.1541805497944, 513.8619324404775, 288.22030155131483, 658.9540410205574, 379.6730372951579, 148.60327459154135, 136.02653256174085, 971.4873661442977, 258.3793393191024, 136.84049206183184, 483.8819940500819, 392.6340419087828, 397.59448517857453, 830.8193357170294, 617.6821463722779, 457.3686263992468, 619.0972080925031], [674.8880716399524, 536.7950137437524, 702.2541179509853, 742.0747876616185, 1071.1369010337132, 895.9886551220362, 406.1965123584063, 721.7684494373942, 420.2585522248569, 879.0334389099156, 510.32063320274193, 294.83277732790776, 246.25169415728115, 684.3353775307311, 1006.1939057056127, 322.8117716152921, 1053.7555661929637, 660.0846916369826, 1011.4012855213452, 313.54778305347344, 324.06260634073334, 931.9317477873954, 0.0, 893.1086855523693, 197.91671358221967, 512.300180133534, 781.1080890897149, 347.6961126039359, 730.4999650060622, 505.54473835772313, 479.3264842153644, 253.37045088223329, 235.35549706982223, 556.4679664484877, 608.4090126941228, 882.7707450827181, 541.4099272017164, 871.0681949970956, 801.5357830184853, 953.3694820192941, 236.99047224369556, 843.7921232244033, 968.8208618695654, 509.8117144707855, 552.9451382888801, 614.4577898844099, 152.17152112810828, 783.0565126005233, 563.111280474737, 339.52808056672245], [219.21376919235618, 635.340044488205, 884.7556146354108, 643.7429221503802, 473.2396673124365, 349.8237695916302, 533.8799764056612, 184.7593796294064, 502.65833777681377, 333.22872083074833, 384.3464521192211, 716.7658897046877, 738.6384053643721, 971.3977316018093, 275.85063001541556, 636.8538540370787, 484.79741215120526, 236.3851473953325, 505.3739081673308, 828.4860184076591, 688.2523595886826, 66.23699889258245, 893.1086855523693, 0.0, 714.8185088782475, 882.7486640545478, 156.18171511926596, 749.179601865084, 401.0388515208904, 453.35308713897547, 430.2359253202842, 942.3126371738922, 766.9654290715447, 543.457418339567, 517.7689229615979, 329.6481032523095, 596.2070295265563, 316.7327633883864, 150.52858550637546, 195.12293141977207, 947.0865485262011, 292.43850895981154, 106.11988696941643, 428.8607582407336, 345.27353781668285, 337.93369676733795, 799.6152754673894, 551.6227180444293, 449.801151887583, 572.0012775199683], [495.7023892074843, 495.888296997123, 726.0466744961012, 692.7731334076285, 952.2713291229575, 769.9450910240029, 208.4864780017657, 536.8700296979797, 224.97449805813466, 750.7358403661566, 343.02237202195624, 287.22269289200204, 250.05829507892525, 736.8780309431471, 859.103168116385, 259.32041851875505, 939.1352601947, 489.5054601016251, 905.5112913822987, 223.68957551045722, 152.19421504932947, 748.217998937952, 197.91671358221967, 714.8185088782475, 0.0, 564.9004695200704, 618.3291108313815, 208.3880436901495, 533.064151254242, 307.9786124471592, 289.27488077866155, 264.32421825905, 261.8022879645181, 365.6526888042806, 416.13537444383434, 684.9341713827803, 485.8944890015947, 740.0318987824693, 612.1885313456938, 760.260683041521, 260.68710771975657, 646.4163798087837, 798.3248711730245, 377.78224731899655, 388.6347870603578, 473.45013025805605, 88.7392357832912, 707.0123055714761, 365.39338985204824, 219.82443749574867], [723.4926846606227, 250.2886391530443, 200.11712027659087, 367.68965592750624, 806.5074913019898, 685.5367917197434, 670.63641716326, 786.0128195286727, 651.912251263204, 679.6231267185624, 580.6322127673013, 282.7434508294535, 314.89373198145023, 174.09386419522875, 843.4996934129334, 344.97408562366905, 779.4077614046437, 676.4469799060125, 719.2319458193941, 779.3679434613626, 710.0172628894004, 944.368996115741, 512.300180133534, 882.7486640545478, 564.9004695200704, 0.0, 727.9979431685082, 773.1673897571916, 951.2610550363808, 733.9571809487616, 654.0370625585429, 760.2026579038269, 304.9091165889231, 861.4900428337986, 898.3210735048743, 1047.442872455988, 288.4513810657733, 682.2767035551967, 874.9075419100736, 1031.3388764362855, 745.7291968806214, 996.568022914336, 906.5979812517841, 477.7833590948243, 591.2408597445198, 547.6059108337367, 603.4666139962708, 462.33258972905173, 806.2409402363354, 434.487028517928], [155.8642725489445, 479.70038234909657, 729.5972878158148, 493.92336588147583, 412.2807495879018, 247.7682210390881, 465.8583820631509, 172.78297282561056, 429.5775785987964, 226.85213721062047, 275.3627417338509, 577.0300416730969, 603.6759647615105, 815.3577549571214, 255.21010298505465, 500.5962630873939, 414.30823589266646, 133.55403977286264, 416.1487326235291, 765.3669229415902, 622.3854353802193, 220.77506897874684, 781.1080890897149, 156.18171511926596, 618.3291108313815, 727.9979431685082, 0.0, 692.0940405464141, 440.8987502818276, 407.4477923694044, 356.28905952653184, 865.078406545015, 631.4735905887323, 529.9971851668226, 519.0482740620927, 426.1247893569229, 440.6562543612085, 209.4081948678496, 215.3250954238383, 333.08584479388423, 866.9616033806384, 378.55871570549454, 192.77536524378783, 288.4940734106511, 230.17177354601097, 188.87311076439042, 706.392990439134, 407.9808533137176, 429.1334607249227, 446.76027615020195], [544.2302031042121, 686.1900998237284, 930.3288479154328, 872.9007751686275, 1071.9113621105362, 887.7652712945742, 227.02530504060218, 564.6873739818939, 264.6109598748947, 866.7832426986392, 438.52983268231475, 493.82002771453585, 458.2740996514889, 944.7221855483584, 946.3390527701011, 455.47310312648494, 1063.6104170406343, 558.8604219628619, 1039.5228158864722, 82.93279141882148, 77.9546287266742, 765.5515754305372, 347.6961126039359, 749.179601865084, 208.3880436901495, 773.1673897571916, 692.0940405464141, 0.0, 456.8740561114103, 295.8413058516017, 336.313340831255, 216.92506597021247, 470.0653303486229, 257.16704626359666, 308.9614392449238, 623.1094368459165, 670.3542599440951, 853.3376018201892, 617.8159126639472, 740.0230805552258, 229.39682844513823, 597.318608876779, 846.8821173548882, 516.6986413707151, 482.38815002103667, 591.8516811270782, 197.39232145623177, 871.0392318011516, 314.39196355563473, 393.7802940057213], [305.39377761517983, 751.6140257974897, 1033.7902358709982, 859.7553099373397, 848.8149174707008, 688.3984472495813, 328.17331030196414, 268.5068599959215, 325.6022333294261, 667.2058856718069, 378.17937198347187, 695.4800276210641, 690.42826263596, 1091.6681482551835, 666.9331616906778, 616.3440242260796, 853.4487057269893, 357.05371137795606, 856.9710487762917, 538.8967797288498, 428.2583045490796, 384.10021301727, 730.4999650060622, 401.0388515208904, 533.064151254242, 951.2610550363808, 440.8987502818276, 456.8740561114103, 0.0, 233.98698213622833, 299.7963773974435, 673.5237429922139, 716.0950753398558, 200.7055714414022, 152.6676504186018, 166.7343178241219, 717.1958637062214, 649.873139873435, 251.43777753407625, 308.5453172911571, 684.9934981860334, 149.46513067985916, 506.56736065622783, 495.4468637089516, 383.856890977647, 484.04479576772445, 592.0345750472595, 802.6681082140852, 168.06247891492197, 525.361262478137], [253.7725557864593, 559.2059523325911, 838.1742128881033, 702.4929185729069, 807.1428494411068, 626.6635119204342, 99.54239608668442, 269.01106894180083, 91.61548214776997, 604.8889847435022, 203.40643087171318, 467.34649905925073, 458.70089948117055, 884.6637030793025, 662.4602620988019, 391.60772262666086, 803.2653531199509, 278.39716524507526, 789.1929197097392, 375.77625851263247, 238.39274973002725, 471.1366164400362, 505.54473835772313, 453.35308713897547, 307.9786124471592, 733.9571809487616, 407.4477923694044, 295.8413058516017, 233.98698213622833, 0.0, 88.30156080582081, 495.48469084030995, 483.6933811884684, 148.1035772644209, 169.53277432718951, 377.4963253653571, 529.6417605989728, 589.5680661242076, 324.81570198001873, 459.81274060368895, 502.5187060517174, 338.4576479352497, 551.8525360147141, 318.4175092334877, 233.60759443296942, 352.34270561177425, 377.94970412781583, 669.0871246694726, 72.47648208569218, 300.4706835722262], [214.13151562228154, 471.8198054717431, 751.7344194804971, 614.7262206095048, 740.8652129953125, 557.8862213933738, 109.58088123861715, 248.69204112114286, 73.87375425615464, 536.4190347796301, 118.40601110163017, 396.09889441706906, 393.79572355876144, 800.8675371206239, 610.0635183716546, 316.5477270370675, 734.7454186156649, 222.8018819413223, 716.3440631480263, 409.1648119945072, 266.20232096706644, 459.82615476662295, 479.3264842153644, 430.2359253202842, 289.27488077866155, 654.0370625585429, 356.28905952653184, 336.313340831255, 299.7963773974435, 88.30156080582081, 0.0, 514.0432616583479, 420.4394740367184, 235.60903776030065, 257.2780785766235, 422.44592885845816, 441.7213488681931, 522.0239245947193, 323.1162696716727, 474.25767160993666, 517.8495765985128, 377.24492469785514, 520.4763641969854, 230.5048289328581, 154.49176188343594, 272.3170270157847, 370.9967337309756, 584.0029751536325, 156.036339370788, 225.62474282039665], [728.169539189206, 744.5509606751657, 943.6641770935188, 946.8710573591493, 1215.0923799290094, 1031.997758841362, 408.44104161344234, 758.1310505549695, 440.48244092864326, 1012.3757640229813, 593.9219282795403, 512.9371295258161, 466.4436451547922, 933.6683743349062, 1113.0660944485785, 509.5890167259917, 1202.601553290873, 732.429036676444, 1169.732573674305, 137.25727337797576, 257.2168642343315, 965.4911481714174, 253.37045088223329, 942.3126371738922, 264.32421825905, 760.2026579038269, 865.078406545015, 216.92506597021247, 673.5237429922139, 495.48469084030995, 514.0432616583479, 0.0, 465.18875860505307, 474.091634048643, 525.7872234241139, 839.4485411061991, 739.7711657771158, 1001.0490501645221, 820.2096179977971, 950.7423232127983, 19.66566658491897, 812.2307152284859, 1034.5024049174208, 641.2339109446242, 639.9940996096685, 733.9469157419799, 181.64547824906884, 968.4001918824466, 525.6706710361644, 483.3146793797254], [563.4386032512714, 303.9675577921977, 479.0449817681503, 508.4526675312715, 863.6932054882849, 698.0131997939964, 401.2475582500086, 621.1562558331423, 393.16937100921365, 683.5634356444524, 393.90315439386694, 65.02259183790193, 28.48541703272676, 478.39964228952437, 826.5744365134947, 130.88982357223583, 843.5438738572876, 532.1427605597681, 796.1553317616017, 474.5773136630562, 410.79515973063104, 817.3680956764911, 235.35549706982223, 766.9654290715447, 261.8022879645181, 304.9091165889231, 631.4735905887323, 470.0653303486229, 716.0950753398558, 483.6933811884684, 420.4394740367184, 465.18875860505307, 0.0, 589.5948886046293, 633.2202500217569, 841.8091791031661, 312.8874114352556, 678.3966072983842, 709.8221166351112, 870.1159636551863, 452.6733134332357, 794.9859569041416, 824.2482369036924, 343.0664115663952, 425.16867008466403, 446.4792906898275, 299.77396039887174, 556.5840164860721, 554.6907055333514, 203.1399724875329], [374.37795590118225, 701.9900155238151, 977.9796126481596, 850.3242281375369, 938.8610919384669, 762.0668237238445, 191.1848019192675, 370.1342370409829, 211.2865315771604, 740.1857477056917, 351.44870071553197, 585.0165044948596, 567.7334589876931, 1018.6606868615679, 780.6817853240112, 516.5224426401091, 937.2850453458794, 409.85546005643164, 927.4742976398675, 338.59211702766436, 238.03909836310672, 545.1541805497944, 556.4679664484877, 543.457418339567, 365.6526888042806, 861.4900428337986, 529.9971851668226, 257.16704626359666, 200.7055714414022, 148.1035772644209, 235.60903776030065, 474.091634048643, 589.5948886046293, 0.0, 53.15038922911926, 367.4287924487665, 674.0048625605117, 724.1477600203243, 397.74830811124855, 496.884801473565, 486.258089161582, 345.61095087316625, 648.0549971829029, 466.1129230745692, 379.9409741911811, 498.14395323422724, 409.55214151545215, 816.7750307264046, 101.07290647610719, 428.1565741139926], [365.5568212633282, 728.7362554373123, 1007.4843385628745, 868.0551662629516, 930.7249343170413, 757.5359509115115, 232.14590292361325, 352.59357945286706, 246.48069086811438, 735.6927834551449, 367.41857769160623, 625.1669929847226, 610.4443910894054, 1052.2335580085885, 765.049723765411, 553.7686630820125, 930.8789520197716, 406.3126558672135, 924.7031441599629, 389.65990857750126, 291.1160691585257, 513.8619324404775, 608.4090126941228, 517.7689229615979, 416.13537444383434, 898.3210735048743, 519.0482740620927, 308.9614392449238, 152.6676504186018, 169.53277432718951, 257.2780785766235, 525.7872234241139, 633.2202500217569, 53.15038922911926, 0.0, 318.88045891840414, 698.9900672314845, 719.1869752829243, 368.98606193478065, 455.9320351750044, 538.3040415754385, 300.67395844627913, 623.469588512211, 485.31762381467615, 390.6409210320595, 506.6103101142692, 462.23833304955724, 828.3494039531653, 104.48633126214337, 463.859505971332], [337.6198221697015, 826.1178896863335, 1103.739666159608, 899.678416001033, 802.4367348413555, 665.5213376355695, 476.5963506471807, 279.4362425316199, 466.0393272330647, 646.3211452418725, 467.6229900556504, 812.2176465868184, 814.6283898774909, 1172.9805885201163, 605.1526898402672, 729.7641376507763, 812.8497667480966, 391.47601369693484, 828.75644018809, 705.3563064154105, 591.1140473610313, 288.22030155131483, 882.7707450827181, 329.6481032523095, 684.9341713827803, 1047.442872455988, 426.1247893569229, 623.1094368459165, 166.7343178241219, 377.4963253653571, 422.44592885845816, 839.4485411061991, 841.8091791031661, 367.4287924487665, 318.88045891840414, 0.0, 788.6967455651726, 628.9184332063563, 210.91544274138437, 172.49952445107374, 850.5318155568898, 51.86450818169064, 424.3524777482452, 572.4826778316026, 457.35498607533856, 530.6233921183147, 750.0133434429157, 826.0681041505089, 322.5548942444568, 641.9747841589447], [453.76111615673, 39.24802351050955, 317.0788582186615, 207.28585412764747, 563.9706935636548, 415.90469868070636, 497.9165872702755, 515.4650590035, 467.5591031793725, 406.2384741348366, 339.96292445382335, 248.77698761636572, 296.36063073496655, 385.4772903249854, 565.8207791472628, 230.18878269727276, 541.1114668025261, 402.61711263463275, 489.2750709458653, 706.6452924804946, 594.5167923024292, 658.9540410205574, 541.4099272017164, 596.2070295265563, 485.8944890015947, 288.4513810657733, 440.6562543612085, 670.3542599440951, 717.1958637062214, 529.6417605989728, 441.7213488681931, 739.7711657771158, 312.8874114352556, 674.0048625605117, 698.9900672314845, 788.6967455651726, 0.0, 405.986533340787, 601.3771349526295, 753.1056463770084, 731.4346189147626, 736.9027455141209, 618.2409913560399, 221.76554207194656, 335.4393500231088, 266.53418857374794, 558.8931646681183, 243.72522148071013, 596.9511561585701, 276.6180290736675], [354.1857781843019, 438.9460812462775, 627.6964404232561, 365.6299402438514, 218.89343274854915, 38.629342957623976, 628.0352110123454, 381.3832034186777, 589.804888061861, 17.513123513387434, 415.00922254962865, 615.3741692631426, 653.9523955124587, 726.3294599913752, 161.22336615189627, 555.9518653624211, 213.70766930175273, 314.29337322646813, 207.29772794093108, 918.870280780548, 778.3529377125393, 379.6730372951579, 871.0681949970956, 316.7327633883864, 740.0318987824693, 682.2767035551967, 209.4081948678496, 853.3376018201892, 649.873139873435, 589.5680661242076, 522.0239245947193, 1001.0490501645221, 678.3966072983842, 724.1477600203243, 719.1869752829243, 628.9184332063563, 405.986533340787, 0.0, 420.4503083432295, 511.77300469440763, 999.5372134179103, 583.5605578721581, 274.56594470755897, 364.6154446174395, 371.0015046901364, 267.102548183166, 828.1954240467486, 260.5239056040951, 623.3531310296651, 534.1996004308469], [152.05470825171088, 640.0758689976356, 910.6164127428389, 694.4338372775925, 605.225911347418, 457.7703574962781, 415.44805335002104, 90.13844087258114, 389.576715892162, 437.94106416415696, 316.1071673777844, 668.7149463057483, 681.4450723176353, 986.6182337009511, 417.11048911841925, 585.5227689180376, 612.6793107229274, 199.16673597388024, 623.5001007579859, 699.2233798916163, 563.2049894101558, 148.60327459154135, 801.5357830184853, 150.52858550637546, 612.1885313456938, 874.9075419100736, 215.3250954238383, 617.8159126639472, 251.43777753407625, 324.81570198001873, 323.1162696716727, 820.2096179977971, 709.8221166351112, 397.74830811124855, 368.98606193478065, 210.91544274138437, 601.3771349526295, 420.4503083432295, 0.0, 160.67512261064337, 826.8886490150882, 163.4350553737759, 256.6187407668739, 398.2612940637291, 290.26151924899983, 335.8629606739249, 691.9815142811601, 616.9366622752991, 308.77246916297906, 507.1237227539441], [311.6408277037264, 792.1879902442623, 1056.284242128164, 826.8886722282163, 659.4027728931708, 544.9139360519922, 556.6004719854172, 250.56447412404788, 535.3784582836674, 528.3296588904168, 476.6459418971319, 829.3894222275736, 841.7763891641409, 1136.641760235109, 456.9425199302093, 746.1877606434981, 673.6165010452431, 355.1704755075522, 698.2634161680112, 822.862385362479, 694.4507525807276, 136.02653256174085, 953.3694820192941, 195.12293141977207, 760.260683041521, 1031.3388764362855, 333.08584479388423, 740.0230805552258, 308.5453172911571, 459.81274060368895, 474.25767160993666, 950.7423232127983, 870.1159636551863, 496.884801473565, 455.9320351750044, 172.49952445107374, 753.1056463770084, 511.77300469440763, 160.67512261064337, 0.0, 959.3086653352144, 161.3411468729733, 270.0149102405534, 556.7705879489469, 450.64207682892635, 486.6075857384182, 836.1191286898395, 739.9565332463867, 425.7951596787984, 667.2057838035