instance_id,category,num_cities,city_coordinates,distance_matrix,total_distance,optimal_path,status
Grid_84,Grid,16,"[[0, 0], [0, 100], [0, 200], [0, 300], [100, 0], [100, 100], [100, 200], [100, 300], [200, 0], [200, 100], [200, 200], [200, 300], [300, 0], [300, 100], [300, 200], [300, 300]]","[[0.0, 100.0, 200.0, 300.0, 100.0, 141.4213562373095, 223.60679774997897, 316.22776601683796, 200.0, 223.60679774997897, 282.842712474619, 360.5551275463989, 300.0, 316.22776601683796, 360.5551275463989, 424.26406871192853], [100.0, 0.0, 100.0, 200.0, 141.4213562373095, 100.0, 141.4213562373095, 223.60679774997897, 223.60679774997897, 200.0, 223.60679774997897, 282.842712474619, 316.22776601683796, 300.0, 316.22776601683796, 360.5551275463989], [200.0, 100.0, 0.0, 100.0, 223.60679774997897, 141.4213562373095, 100.0, 141.4213562373095, 282.842712474619, 223.60679774997897, 200.0, 223.60679774997897, 360.5551275463989, 316.22776601683796, 300.0, 316.22776601683796], [300.0, 200.0, 100.0, 0.0, 316.22776601683796, 223.60679774997897, 141.4213562373095, 100.0, 360.5551275463989, 282.842712474619, 223.60679774997897, 200.0, 424.26406871192853, 360.5551275463989, 316.22776601683796, 300.0], [100.0, 141.4213562373095, 223.60679774997897, 316.22776601683796, 0.0, 100.0, 200.0, 300.0, 100.0, 141.4213562373095, 223.60679774997897, 316.22776601683796, 200.0, 223.60679774997897, 282.842712474619, 360.5551275463989], [141.4213562373095, 100.0, 141.4213562373095, 223.60679774997897, 100.0, 0.0, 100.0, 200.0, 141.4213562373095, 100.0, 141.4213562373095, 223.60679774997897, 223.60679774997897, 200.0, 223.60679774997897, 282.842712474619], [223.60679774997897, 141.4213562373095, 100.0, 141.4213562373095, 200.0, 100.0, 0.0, 100.0, 223.60679774997897, 141.4213562373095, 100.0, 141.4213562373095, 282.842712474619, 223.60679774997897, 200.0, 223.60679774997897], [316.22776601683796, 223.60679774997897, 141.4213562373095, 100.0, 300.0, 200.0, 100.0, 0.0, 316.22776601683796, 223.60679774997897, 141.4213562373095, 100.0, 360.5551275463989, 282.842712474619, 223.60679774997897, 200.0], [200.0, 223.60679774997897, 282.842712474619, 360.5551275463989, 100.0, 141.4213562373095, 223.60679774997897, 316.22776601683796, 0.0, 100.0, 200.0, 300.0, 100.0, 141.4213562373095, 223.60679774997897, 316.22776601683796], [223.60679774997897, 200.0, 223.60679774997897, 282.842712474619, 141.4213562373095, 100.0, 141.4213562373095, 223.60679774997897, 100.0, 0.0, 100.0, 200.0, 141.4213562373095, 100.0, 141.4213562373095, 223.60679774997897], [282.842712474619, 223.60679774997897, 200.0, 223.60679774997897, 223.60679774997897, 141.4213562373095, 100.0, 141.4213562373095, 200.0, 100.0, 0.0, 100.0, 223.60679774997897, 141.4213562373095, 100.0, 141.4213562373095], [360.5551275463989, 282.842712474619, 223.60679774997897, 200.0, 316.22776601683796, 223.60679774997897, 141.4213562373095, 100.0, 300.0, 200.0, 100.0, 0.0, 316.22776601683796, 223.60679774997897, 141.4213562373095, 100.0], [300.0, 316.22776601683796, 360.5551275463989, 424.26406871192853, 200.0, 223.60679774997897, 282.842712474619, 360.5551275463989, 100.0, 141.4213562373095, 223.60679774997897, 316.22776601683796, 0.0, 100.0, 200.0, 300.0], [316.22776601683796, 300.0, 316.22776601683796, 360.5551275463989, 223.60679774997897, 200.0, 223.60679774997897, 282.842712474619, 141.4213562373095, 100.0, 141.4213562373095, 223.60679774997897, 100.0, 0.0, 100.0, 200.0], [360.5551275463989, 316.22776601683796, 300.0, 316.22776601683796, 282.842712474619, 223.60679774997897, 200.0, 223.60679774997897, 223.60679774997897, 141.4213562373095, 100.0, 141.4213562373095, 200.0, 100.0, 0.0, 100.0], [424.26406871192853, 360.5551275463989, 316.22776601683796, 300.0, 360.5551275463989, 282.842712474619, 223.60679774997897, 200.0, 316.22776601683796, 223.60679774997897, 141.4213562373095, 100.0, 300.0, 200.0, 100.0, 0.0]]",1600.0,"[0, 4, 8, 12, 13, 14, 15, 11, 10, 9, 5, 6, 7, 3, 2, 1, 0]",Success
Grid_85,Grid,16,"[[0, 0], [0, 100], [0, 200], [0, 300], [100, 0], [100, 100], [100, 200], [100, 300], [200, 0], [200, 100], [200, 200], [200, 300], [300, 0], [300, 100], [300, 200], [300, 300]]","[[0.0, 100.0, 200.0, 300.0, 100.0, 141.4213562373095, 223.60679774997897, 316.22776601683796, 200.0, 223.60679774997897, 282.842712474619, 360.5551275463989, 300.0, 316.22776601683796, 360.5551275463989, 424.26406871192853], [100.0, 0.0, 100.0, 200.0, 141.4213562373095, 100.0, 141.4213562373095, 223.60679774997897, 223.60679774997897, 200.0, 223.60679774997897, 282.842712474619, 316.22776601683796, 300.0, 316.22776601683796, 360.5551275463989], [200.0, 100.0, 0.0, 100.0, 223.60679774997897, 141.4213562373095, 100.0, 141.4213562373095, 282.842712474619, 223.60679774997897, 200.0, 223.60679774997897, 360.5551275463989, 316.22776601683796, 300.0, 316.22776601683796], [300.0, 200.0, 100.0, 0.0, 316.22776601683796, 223.60679774997897, 141.4213562373095, 100.0, 360.5551275463989, 282.842712474619, 223.60679774997897, 200.0, 424.26406871192853, 360.5551275463989, 316.22776601683796, 300.0], [100.0, 141.4213562373095, 223.60679774997897, 316.22776601683796, 0.0, 100.0, 200.0, 300.0, 100.0, 141.4213562373095, 223.60679774997897, 316.22776601683796, 200.0, 223.60679774997897, 282.842712474619, 360.5551275463989], [141.4213562373095, 100.0, 141.4213562373095, 223.60679774997897, 100.0, 0.0, 100.0, 200.0, 141.4213562373095, 100.0, 141.4213562373095, 223.60679774997897, 223.60679774997897, 200.0, 223.60679774997897, 282.842712474619], [223.60679774997897, 141.4213562373095, 100.0, 141.4213562373095, 200.0, 100.0, 0.0, 100.0, 223.60679774997897, 141.4213562373095, 100.0, 141.4213562373095, 282.842712474619, 223.60679774997897, 200.0, 223.60679774997897], [316.22776601683796, 223.60679774997897, 141.4213562373095, 100.0, 300.0, 200.0, 100.0, 0.0, 316.22776601683796, 223.60679774997897, 141.4213562373095, 100.0, 360.5551275463989, 282.842712474619, 223.60679774997897, 200.0], [200.0, 223.60679774997897, 282.842712474619, 360.5551275463989, 100.0, 141.4213562373095, 223.60679774997897, 316.22776601683796, 0.0, 100.0, 200.0, 300.0, 100.0, 141.4213562373095, 223.60679774997897, 316.22776601683796], [223.60679774997897, 200.0, 223.60679774997897, 282.842712474619, 141.4213562373095, 100.0, 141.4213562373095, 223.60679774997897, 100.0, 0.0, 100.0, 200.0, 141.4213562373095, 100.0, 141.4213562373095, 223.60679774997897], [282.842712474619, 223.60679774997897, 200.0, 223.60679774997897, 223.60679774997897, 141.4213562373095, 100.0, 141.4213562373095, 200.0, 100.0, 0.0, 100.0, 223.60679774997897, 141.4213562373095, 100.0, 141.4213562373095], [360.5551275463989, 282.842712474619, 223.60679774997897, 200.0, 316.22776601683796, 223.60679774997897, 141.4213562373095, 100.0, 300.0, 200.0, 100.0, 0.0, 316.22776601683796, 223.60679774997897, 141.4213562373095, 100.0], [300.0, 316.22776601683796, 360.5551275463989, 424.26406871192853, 200.0, 223.60679774997897, 282.842712474619, 360.5551275463989, 100.0, 141.4213562373095, 223.60679774997897, 316.22776601683796, 0.0, 100.0, 200.0, 300.0], [316.22776601683796, 300.0, 316.22776601683796, 360.5551275463989, 223.60679774997897, 200.0, 223.60679774997897, 282.842712474619, 141.4213562373095, 100.0, 141.4213562373095, 223.60679774997897, 100.0, 0.0, 100.0, 200.0], [360.5551275463989, 316.22776601683796, 300.0, 316.22776601683796, 282.842712474619, 223.60679774997897, 200.0, 223.60679774997897, 223.60679774997897, 141.4213562373095, 100.0, 141.4213562373095, 200.0, 100.0, 0.0, 100.0], [424.26406871192853, 360.5551275463989, 316.22776601683796, 300.0, 360.5551275463989, 282.842712474619, 223.60679774997897, 200.0, 316.22776601683796, 223.60679774997897, 141.4213562373095, 100.0, 300.0, 200.0, 100.0, 0.0]]",1600.0,"[0, 4, 8, 12, 13, 14, 15, 11, 10, 9, 5, 6, 7, 3, 2, 1, 0]",Success
Grid_86,Grid,16,"[[0, 0], [0, 100], [0, 200], [0, 300], [100, 0], [100, 100], [100, 200], [100, 300], [200, 0], [200, 100], [200, 200], [200, 300], [300, 0], [300, 100], [300, 200], [300, 300]]","[[0.0, 100.0, 200.0, 300.0, 100.0, 141.4213562373095, 223.60679774997897, 316.22776601683796, 200.0, 223.60679774997897, 282.842712474619, 360.5551275463989, 300.0, 316.22776601683796, 360.5551275463989, 424.26406871192853], [100.0, 0.0, 100.0, 200.0, 141.4213562373095, 100.0, 141.4213562373095, 223.60679774997897, 223.60679774997897, 200.0, 223.60679774997897, 282.842712474619, 316.22776601683796, 300.0, 316.22776601683796, 360.5551275463989], [200.0, 100.0, 0.0, 100.0, 223.60679774997897, 141.4213562373095, 100.0, 141.4213562373095, 282.842712474619, 223.60679774997897, 200.0, 223.60679774997897, 360.5551275463989, 316.22776601683796, 300.0, 316.22776601683796], [300.0, 200.0, 100.0, 0.0, 316.22776601683796, 223.60679774997897, 141.4213562373095, 100.0, 360.5551275463989, 282.842712474619, 223.60679774997897, 200.0, 424.26406871192853, 360.5551275463989, 316.22776601683796, 300.0], [100.0, 141.4213562373095, 223.60679774997897, 316.22776601683796, 0.0, 100.0, 200.0, 300.0, 100.0, 141.4213562373095, 223.60679774997897, 316.22776601683796, 200.0, 223.60679774997897, 282.842712474619, 360.5551275463989], [141.4213562373095, 100.0, 141.4213562373095, 223.60679774997897, 100.0, 0.0, 100.0, 200.0, 141.4213562373095, 100.0, 141.4213562373095, 223.60679774997897, 223.60679774997897, 200.0, 223.60679774997897, 282.842712474619], [223.60679774997897, 141.4213562373095, 100.0, 141.4213562373095, 200.0, 100.0, 0.0, 100.0, 223.60679774997897, 141.4213562373095, 100.0, 141.4213562373095, 282.842712474619, 223.60679774997897, 200.0, 223.60679774997897], [316.22776601683796, 223.60679774997897, 141.4213562373095, 100.0, 300.0, 200.0, 100.0, 0.0, 316.22776601683796, 223.60679774997897, 141.4213562373095, 100.0, 360.5551275463989, 282.842712474619, 223.60679774997897, 200.0], [200.0, 223.60679774997897, 282.842712474619, 360.5551275463989, 100.0, 141.4213562373095, 223.60679774997897, 316.22776601683796, 0.0, 100.0, 200.0, 300.0, 100.0, 141.4213562373095, 223.60679774997897, 316.22776601683796], [223.60679774997897, 200.0, 223.60679774997897, 282.842712474619, 141.4213562373095, 100.0, 141.4213562373095, 223.60679774997897, 100.0, 0.0, 100.0, 200.0, 141.4213562373095, 100.0, 141.4213562373095, 223.60679774997897], [282.842712474619, 223.60679774997897, 200.0, 223.60679774997897, 223.60679774997897, 141.4213562373095, 100.0, 141.4213562373095, 200.0, 100.0, 0.0, 100.0, 223.60679774997897, 141.4213562373095, 100.0, 141.4213562373095], [360.5551275463989, 282.842712474619, 223.60679774997897, 200.0, 316.22776601683796, 223.60679774997897, 141.4213562373095, 100.0, 300.0, 200.0, 100.0, 0.0, 316.22776601683796, 223.60679774997897, 141.4213562373095, 100.0], [300.0, 316.22776601683796, 360.5551275463989, 424.26406871192853, 200.0, 223.60679774997897, 282.842712474619, 360.5551275463989, 100.0, 141.4213562373095, 223.60679774997897, 316.22776601683796, 0.0, 100.0, 200.0, 300.0], [316.22776601683796, 300.0, 316.22776601683796, 360.5551275463989, 223.60679774997897, 200.0, 223.60679774997897, 282.842712474619, 141.4213562373095, 100.0, 141.4213562373095, 223.60679774997897, 100.0, 0.0, 100.0, 200.0], [360.5551275463989, 316.22776601683796, 300.0, 316.22776601683796, 282.842712474619, 223.60679774997897, 200.0, 223.60679774997897, 223.60679774997897, 141.4213562373095, 100.0, 141.4213562373095, 200.0, 100.0, 0.0, 100.0], [424.26406871192853, 360.5551275463989, 316.22776601683796, 300.0, 360.5551275463989, 282.842712474619, 223.60679774997897, 200.0, 316.22776601683796, 223.60679774997897, 141.4213562373095, 100.0, 300.0, 200.0, 100.0, 0.0]]",1600.0,"[0, 4, 8, 12, 13, 14, 15, 11, 10, 9, 5, 6, 7, 3, 2, 1, 0]",Success
Grid_87,Grid,16,"[[0, 0], [0, 100], [0, 200], [0, 300], [100, 0], [100, 100], [100, 200], [100, 300], [200, 0], [200, 100], [200, 200], [200, 300], [300, 0], [300, 100], [300, 200], [300, 300]]","[[0.0, 100.0, 200.0, 300.0, 100.0, 141.4213562373095, 223.60679774997897, 316.22776601683796, 200.0, 223.60679774997897, 282.842712474619, 360.5551275463989, 300.0, 316.22776601683796, 360.5551275463989, 424.26406871192853], [100.0, 0.0, 100.0, 200.0, 141.4213562373095, 100.0, 141.4213562373095, 223.60679774997897, 223.60679774997897, 200.0, 223.60679774997897, 282.842712474619, 316.22776601683796, 300.0, 316.22776601683796, 360.5551275463989], [200.0, 100.0, 0.0, 100.0, 223.60679774997897, 141.4213562373095, 100.0, 141.4213562373095, 282.842712474619, 223.60679774997897, 200.0, 223.60679774997897, 360.5551275463989, 316.22776601683796, 300.0, 316.22776601683796], [300.0, 200.0, 100.0, 0.0, 316.22776601683796, 223.60679774997897, 141.4213562373095, 100.0, 360.5551275463989, 282.842712474619, 223.60679774997897, 200.0, 424.26406871192853, 360.5551275463989, 316.22776601683796, 300.0], [100.0, 141.4213562373095, 223.60679774997897, 316.22776601683796, 0.0, 100.0, 200.0, 300.0, 100.0, 141.4213562373095, 223.60679774997897, 316.22776601683796, 200.0, 223.60679774997897, 282.842712474619, 360.5551275463989], [141.4213562373095, 100.0, 141.4213562373095, 223.60679774997897, 100.0, 0.0, 100.0, 200.0, 141.4213562373095, 100.0, 141.4213562373095, 223.60679774997897, 223.60679774997897, 200.0, 223.60679774997897, 282.842712474619], [223.60679774997897, 141.4213562373095, 100.0, 141.4213562373095, 200.0, 100.0, 0.0, 100.0, 223.60679774997897, 141.4213562373095, 100.0, 141.4213562373095, 282.842712474619, 223.60679774997897, 200.0, 223.60679774997897], [316.22776601683796, 223.60679774997897, 141.4213562373095, 100.0, 300.0, 200.0, 100.0, 0.0, 316.22776601683796, 223.60679774997897, 141.4213562373095, 100.0, 360.5551275463989, 282.842712474619, 223.60679774997897, 200.0], [200.0, 223.60679774997897, 282.842712474619, 360.5551275463989, 100.0, 141.4213562373095, 223.60679774997897, 316.22776601683796, 0.0, 100.0, 200.0, 300.0, 100.0, 141.4213562373095, 223.60679774997897, 316.22776601683796], [223.60679774997897, 200.0, 223.60679774997897, 282.842712474619, 141.4213562373095, 100.0, 141.4213562373095, 223.60679774997897, 100.0, 0.0, 100.0, 200.0, 141.4213562373095, 100.0, 141.4213562373095, 223.60679774997897], [282.842712474619, 223.60679774997897, 200.0, 223.60679774997897, 223.60679774997897, 141.4213562373095, 100.0, 141.4213562373095, 200.0, 100.0, 0.0, 100.0, 223.60679774997897, 141.4213562373095, 100.0, 141.4213562373095], [360.5551275463989, 282.842712474619, 223.60679774997897, 200.0, 316.22776601683796, 223.60679774997897, 141.4213562373095, 100.0, 300.0, 200.0, 100.0, 0.0, 316.22776601683796, 223.60679774997897, 141.4213562373095, 100.0], [300.0, 316.22776601683796, 360.5551275463989, 424.26406871192853, 200.0, 223.60679774997897, 282.842712474619, 360.5551275463989, 100.0, 141.4213562373095, 223.60679774997897, 316.22776601683796, 0.0, 100.0, 200.0, 300.0], [316.22776601683796, 300.0, 316.22776601683796, 360.5551275463989, 223.60679774997897, 200.0, 223.60679774997897, 282.842712474619, 141.4213562373095, 100.0, 141.4213562373095, 223.60679774997897, 100.0, 0.0, 100.0, 200.0], [360.5551275463989, 316.22776601683796, 300.0, 316.22776601683796, 282.842712474619, 223.60679774997897, 200.0, 223.60679774997897, 223.60679774997897, 141.4213562373095, 100.0, 141.4213562373095, 200.0, 100.0, 0.0, 100.0], [424.26406871192853, 360.5551275463989, 316.22776601683796, 300.0, 360.5551275463989, 282.842712474619, 223.60679774997897, 200.0, 316.22776601683796, 223.60679774997897, 141.4213562373095, 100.0, 300.0, 200.0, 100.0, 0.0]]",1600.0,"[0, 4, 8, 12, 13, 14, 15, 11, 10, 9, 5, 6, 7, 3, 2, 1, 0]",Success
Grid_88,Grid,25,"[[0, 0], [0, 100], [0, 200], [0, 300], [0, 400], [100, 0], [100, 100], [100, 200], [100, 300], [100, 400], [200, 0], [200, 100], [200, 200], [200, 300], [200, 400], [300, 0], [300, 100], [300, 200], [300, 300], [300, 400], [400, 0], [400, 100], [400, 200], [400, 300], [400, 400]]","[[0.0, 100.0, 200.0, 300.0, 400.0, 100.0, 141.4213562373095, 223.60679774997897, 316.22776601683796, 412.31056256176606, 200.0, 223.60679774997897, 282.842712474619, 360.5551275463989, 447.21359549995793, 300.0, 316.22776601683796, 360.5551275463989, 424.26406871192853, 500.0, 400.0, 412.31056256176606, 447.21359549995793, 500.0, 565.685424949238], [100.0, 0.0, 100.0, 200.0, 300.0, 141.4213562373095, 100.0, 141.4213562373095, 223.60679774997897, 316.22776601683796, 223.60679774997897, 200.0, 223.60679774997897, 282.842712474619, 360.5551275463989, 316.22776601683796, 300.0, 316.22776601683796, 360.5551275463989, 424.26406871192853, 412.31056256176606, 400.0, 412.31056256176606, 447.21359549995793, 500.0], [200.0, 100.0, 0.0, 100.0, 200.0, 223.60679774997897, 141.4213562373095, 100.0, 141.4213562373095, 223.60679774997897, 282.842712474619, 223.60679774997897, 200.0, 223.60679774997897, 282.842712474619, 360.5551275463989, 316.22776601683796, 300.0, 316.22776601683796, 360.5551275463989, 447.21359549995793, 412.31056256176606, 400.0, 412.31056256176606, 447.21359549995793], [300.0, 200.0, 100.0, 0.0, 100.0, 316.22776601683796, 223.60679774997897, 141.4213562373095, 100.0, 141.4213562373095, 360.5551275463989, 282.842712474619, 223.60679774997897, 200.0, 223.60679774997897, 424.26406871192853, 360.5551275463989, 316.22776601683796, 300.0, 316.22776601683796, 500.0, 447.21359549995793, 412.31056256176606, 400.0, 412.31056256176606], [400.0, 300.0, 200.0, 100.0, 0.0, 412.31056256176606, 316.22776601683796, 223.60679774997897, 141.4213562373095, 100.0, 447.21359549995793, 360.5551275463989, 282.842712474619, 223.60679774997897, 200.0, 500.0, 424.26406871192853, 360.5551275463989, 316.22776601683796, 300.0, 565.685424949238, 500.0, 447.21359549995793, 412.31056256176606, 400.0], [100.0, 141.4213562373095, 223.60679774997897, 316.22776601683796, 412.31056256176606, 0.0, 100.0, 200.0, 300.0, 400.0, 100.0, 141.4213562373095, 223.60679774997897, 316.22776601683796, 412.31056256176606, 200.0, 223.60679774997897, 282.842712474619, 360.5551275463989, 447.21359549995793, 300.0, 316.22776601683796, 360.5551275463989, 424.26406871192853, 500.0], [141.4213562373095, 100.0, 141.4213562373095, 223.60679774997897, 316.22776601683796, 100.0, 0.0, 100.0, 200.0, 300.0, 141.4213562373095, 100.0, 141.4213562373095, 223.60679774997897, 316.22776601683796, 223.60679774997897, 200.0, 223.60679774997897, 282.842712474619, 360.5551275463989, 316.22776601683796, 300.0, 316.22776601683796, 360.5551275463989, 424.26406871192853], [223.60679774997897, 141.4213562373095, 100.0, 141.4213562373095, 223.60679774997897, 200.0, 100.0, 0.0, 100.0, 200.0, 223.60679774997897, 141.4213562373095, 100.0, 141.4213562373095, 223.60679774997897, 282.842712474619, 223.60679774997897, 200.0, 223.60679774997897, 282.842712474619, 360.5551275463989, 316.22776601683796, 300.0, 316.22776601683796, 360.5551275463989], [316.22776601683796, 223.60679774997897, 141.4213562373095, 100.0, 141.4213562373095, 300.0, 200.0, 100.0, 0.0, 100.0, 316.22776601683796, 223.60679774997897, 141.4213562373095, 100.0, 141.4213562373095, 360.5551275463989, 282.842712474619, 223.60679774997897, 200.0, 223.60679774997897, 424.26406871192853, 360.5551275463989, 316.22776601683796, 300.0, 316.22776601683796], [412.31056256176606, 316.22776601683796, 223.60679774997897, 141.4213562373095, 100.0, 400.0, 300.0, 200.0, 100.0, 0.0, 412.31056256176606, 316.22776601683796, 223.60679774997897, 141.4213562373095, 100.0, 447.21359549995793, 360.5551275463989, 282.842712474619, 223.60679774997897, 200.0, 500.0, 424.26406871192853, 360.5551275463989, 316.22776601683796, 300.0], [200.0, 223.60679774997897, 282.842712474619, 360.5551275463989, 447.21359549995793, 100.0, 141.4213562373095, 223.60679774997897, 316.22776601683796, 412.31056256176606, 0.0, 100.0, 200.0, 300.0, 400.0, 100.0, 141.4213562373095, 223.60679774997897, 316.22776601683796, 412.31056256176606, 200.0, 223.60679774997897, 282.842712474619, 360.5551275463989, 447.21359549995793], [223.60679774997897, 200.0, 223.60679774997897, 282.842712474619, 360.5551275463989, 141.4213562373095, 100.0, 141.4213562373095, 223.60679774997897, 316.22776601683796, 100.0, 0.0, 100.0, 200.0, 300.0, 141.4213562373095, 100.0, 141.4213562373095, 223.60679774997897, 316.22776601683796, 223.60679774997897, 200.0, 223.60679774997897, 282.842712474619, 360.5551275463989], [282.842712474619, 223.60679774997897, 200.0, 223.60679774997897, 282.842712474619, 223.60679774997897, 141.4213562373095, 100.0, 141.4213562373095, 223.60679774997897, 200.0, 100.0, 0.0, 100.0, 200.0, 223.60679774997897, 141.4213562373095, 100.0, 141.4213562373095, 223.60679774997897, 282.842712474619, 223.60679774997897, 200.0, 223.60679774997897, 282.842712474619], [360.5551275463989, 282.842712474619, 223.60679774997897, 200.0, 223.60679774997897, 316.22776601683796, 223.60679774997897, 141.4213562373095, 100.0, 141.4213562373095, 300.0, 200.0, 100.0, 0.0, 100.0, 316.22776601683796, 223.60679774997897, 141.4213562373095, 100.0, 141.4213562373095, 360.5551275463989, 282.842712474619, 223.60679774997897, 200.0, 223.60679774997897], [447.21359549995793, 360.5551275463989, 282.842712474619, 223.60679774997897, 200.0, 412.31056256176606, 316.22776601683796, 223.60679774997897, 141.4213562373095, 100.0, 400.0, 300.0, 200.0, 100.0, 0.0, 412.31056256176606, 316.22776601683796, 223.60679774997897, 141.4213562373095, 100.0, 447.21359549995793, 360.5551275463989, 282.842712474619, 223.60679774997897, 200.0], [300.0, 316.22776601683796, 360.5551275463989, 424.26406871192853, 500.0, 200.0, 223.60679774997897, 282.842712474619, 360.5551275463989, 447.21359549995793, 100.0, 141.4213562373095, 223.60679774997897, 316.22776601683796, 412.31056256176606, 0.0, 100.0, 200.0, 300.0, 400.0, 100.0, 141.4213562373095, 223.60679774997897, 316.22776601683796, 412.31056256176606], [316.22776601683796, 300.0, 316.22776601683796, 360.5551275463989, 424.26406871192853, 223.60679774997897, 200.0, 223.60679774997897, 282.842712474619, 360.5551275463989, 141.4213562373095, 100.0, 141.4213562373095, 223.60679774997897, 316.22776601683796, 100.0, 0.0, 100.0, 200.0, 300.0, 141.4213562373095, 100.0, 141.4213562373095, 223.60679774997897, 316.22776601683796], [360.5551275463989, 316.22776601683796, 300.0, 316.22776601683796, 360.5551275463989, 282.842712474619, 223.60679774997897, 200.0, 223.60679774997897, 282.842712474619, 223.60679774997897, 141.4213562373095, 100.0, 141.4213562373095, 223.60679774997897, 200.0, 100.0, 0.0, 100.0, 200.0, 223.60679774997897, 141.4213562373095, 100.0, 141.4213562373095, 223.60679774997897], [424.26406871192853, 360.5551275463989, 316.22776601683796, 300.0, 316.22776601683796, 360.5551275463989, 282.842712474619, 223.60679774997897, 200.0, 223.60679774997897, 316.22776601683796, 223.60679774997897, 141.4213562373095, 100.0, 141.4213562373095, 300.0, 200.0, 100.0, 0.0, 100.0, 316.22776601683796, 223.60679774997897, 141.4213562373095, 100.0, 141.4213562373095], [500.0, 424.26406871192853, 360.5551275463989, 316.22776601683796, 300.0, 447.21359549995793, 360.5551275463989, 282.842712474619, 223.60679774997897, 200.0, 412.31056256176606, 316.22776601683796, 223.60679774997897, 141.4213562373095, 100.0, 400.0, 300.0, 200.0, 100.0, 0.0, 412.31056256176606, 316.22776601683796, 223.60679774997897, 141.4213562373095, 100.0], [400.0, 412.31056256176606, 447.21359549995793, 500.0, 565.685424949238, 300.0, 316.22776601683796, 360.5551275463989, 424.26406871192853, 500.0, 200.0, 223.60679774997897, 282.842712474619, 360.5551275463989, 447.21359549995793, 100.0, 141.4213562373095, 223.60679774997897, 316.22776601683796, 412.31056256176606, 0.0, 100.0, 200.0, 300.0, 400.0], [412.31056256176606, 400.0, 412.31056256176606, 447.21359549995793, 500.0, 316.22776601683796, 300.0, 316.22776601683796, 360.5551275463989, 424.26406871192853, 223.60679774997897, 200.0, 223.60679774997897, 282.842712474619, 360.5551275463989, 141.4213562373095, 100.0, 141.4213562373095, 223.60679774997897, 316.22776601683796, 100.0, 0.0, 100.0, 200.0, 300.0], [447.21359549995793, 412.31056256176606, 400.0, 412.31056256176606, 447.21359549995793, 360.5551275463989, 316.22776601683796, 300.0, 316.22776601683796, 360.5551275463989, 282.842712474619, 223.60679774997897, 200.0, 223.60679774997897, 282.842712474619, 223.60679774997897, 141.4213562373095, 100.0, 141.4213562373095, 223.60679774997897, 200.0, 100.0, 0.0, 100.0, 200.0], [500.0, 447.21359549995793, 412.31056256176606, 400.0, 412.31056256176606, 424.26406871192853, 360.5551275463989, 316.22776601683796, 300.0, 316.22776601683796, 360.5551275463989, 282.842712474619, 223.60679774997897, 200.0, 223.60679774997897, 316.22776601683796, 223.60679774997897, 141.4213562373095, 100.0, 141.4213562373095, 300.0, 200.0, 100.0, 0.0, 100.0], [565.685424949238, 500.0, 447.21359549995793, 412.31056256176606, 400.0, 500.0, 424.26406871192853, 360.5551275463989, 316.22776601683796, 300.0, 447.21359549995793, 360.5551275463989, 282.842712474619, 223.60679774997897, 200.0, 412.31056256176606, 316.22776601683796, 223.60679774997897, 141.4213562373095, 100.0, 400.0, 300.0, 200.0, 100.0, 0.0]]",2541.4213562373097,"[0, 5, 10, 15, 20, 21, 22, 23, 24, 19, 18, 17, 16, 11, 12, 13, 14, 9, 4, 3, 8, 7, 2, 1, 6, 0]",Success
Grid_89,Grid,25,"[[0, 0], [0, 100], [0, 200], [0, 300], [0, 400], [100, 0], [100, 100], [100, 200], [100, 300], [100, 400], [200, 0], [200, 100], [200, 200], [200, 300], [200, 400], [300, 0], [300, 100], [300, 200], [300, 300], [300, 400], [400, 0], [400, 100], [400, 200], [400, 300], [400, 400]]","[[0.0, 100.0, 200.0, 300.0, 400.0, 100.0, 141.4213562373095, 223.60679774997897, 316.22776601683796, 412.31056256176606, 200.0, 223.60679774997897, 282.842712474619, 360.5551275463989, 447.21359549995793, 300.0, 316.22776601683796, 360.5551275463989, 424.26406871192853, 500.0, 400.0, 412.31056256176606, 447.21359549995793, 500.0, 565.685424949238], [100.0, 0.0, 100.0, 200.0, 300.0, 141.4213562373095, 100.0, 141.4213562373095, 223.60679774997897, 316.22776601683796, 223.60679774997897, 200.0, 223.60679774997897, 282.842712474619, 360.5551275463989, 316.22776601683796, 300.0, 316.22776601683796, 360.5551275463989, 424.26406871192853, 412.31056256176606, 400.0, 412.31056256176606, 447.21359549995793, 500.0], [200.0, 100.0, 0.0, 100.0, 200.0, 223.60679774997897, 141.4213562373095, 100.0, 141.4213562373095, 223.60679774997897, 282.842712474619, 223.60679774997897, 200.0, 223.60679774997897, 282.842712474619, 360.5551275463989, 316.22776601683796, 300.0, 316.22776601683796, 360.5551275463989, 447.21359549995793, 412.31056256176606, 400.0, 412.31056256176606, 447.21359549995793], [300.0, 200.0, 100.0, 0.0, 100.0, 316.22776601683796, 223.60679774997897, 141.4213562373095, 100.0, 141.4213562373095, 360.5551275463989, 282.842712474619, 223.60679774997897, 200.0, 223.60679774997897, 424.26406871192853, 360.5551275463989, 316.22776601683796, 300.0, 316.22776601683796, 500.0, 447.21359549995793, 412.31056256176606, 400.0, 412.31056256176606], [400.0, 300.0, 200.0, 100.0, 0.0, 412.31056256176606, 316.22776601683796, 223.60679774997897, 141.4213562373095, 100.0, 447.21359549995793, 360.5551275463989, 282.842712474619, 223.60679774997897, 200.0, 500.0, 424.26406871192853, 360.5551275463989, 316.22776601683796, 300.0, 565.685424949238, 500.0, 447.21359549995793, 412.31056256176606, 400.0], [100.0, 141.4213562373095, 223.60679774997897, 316.22776601683796, 412.31056256176606, 0.0, 100.0, 200.0, 300.0, 400.0, 100.0, 141.4213562373095, 223.60679774997897, 316.22776601683796, 412.31056256176606, 200.0, 223.60679774997897, 282.842712474619, 360.5551275463989, 447.21359549995793, 300.0, 316.22776601683796, 360.5551275463989, 424.26406871192853, 500.0], [141.4213562373095, 100.0, 141.4213562373095, 223.60679774997897, 316.22776601683796, 100.0, 0.0, 100.0, 200.0, 300.0, 141.4213562373095, 100.0, 141.4213562373095, 223.60679774997897, 316.22776601683796, 223.60679774997897, 200.0, 223.60679774997897, 282.842712474619, 360.5551275463989, 316.22776601683796, 300.0, 316.22776601683796, 360.5551275463989, 424.26406871192853], [223.60679774997897, 141.4213562373095, 100.0, 141.4213562373095, 223.60679774997897, 200.0, 100.0, 0.0, 100.0, 200.0, 223.60679774997897, 141.4213562373095, 100.0, 141.4213562373095, 223.60679774997897, 282.842712474619, 223.60679774997897, 200.0, 223.60679774997897, 282.842712474619, 360.5551275463989, 316.22776601683796, 300.0, 316.22776601683796, 360.5551275463989], [316.22776601683796, 223.60679774997897, 141.4213562373095, 100.0, 141.4213562373095, 300.0, 200.0, 100.0, 0.0, 100.0, 316.22776601683796, 223.60679774997897, 141.4213562373095, 100.0, 141.4213562373095, 360.5551275463989, 282.842712474619, 223.60679774997897, 200.0, 223.60679774997897, 424.26406871192853, 360.5551275463989, 316.22776601683796, 300.0, 316.22776601683796], [412.31056256176606, 316.22776601683796, 223.60679774997897, 141.4213562373095, 100.0, 400.0, 300.0, 200.0, 100.0, 0.0, 412.31056256176606, 316.22776601683796, 223.60679774997897, 141.4213562373095, 100.0, 447.21359549995793, 360.5551275463989, 282.842712474619, 223.60679774997897, 200.0, 500.0, 424.26406871192853, 360.5551275463989, 316.22776601683796, 300.0], [200.0, 223.60679774997897, 282.842712474619, 360.5551275463989, 447.21359549995793, 100.0, 141.4213562373095, 223.60679774997897, 316.22776601683796, 412.31056256176606, 0.0, 100.0, 200.0, 300.0, 400.0, 100.0, 141.4213562373095, 223.60679774997897, 316.22776601683796, 412.31056256176606, 200.0, 223.60679774997897, 282.842712474619, 360.5551275463989, 447.21359549995793], [223.60679774997897, 200.0, 223.60679774997897, 282.842712474619, 360.5551275463989, 141.4213562373095, 100.0, 141.4213562373095, 223.60679774997897, 316.22776601683796, 100.0, 0.0, 100.0, 200.0, 300.0, 141.4213562373095, 100.0, 141.4213562373095, 223.60679774997897, 316.22776601683796, 223.60679774997897, 200.0, 223.60679774997897, 282.842712474619, 360.5551275463989], [282.842712474619, 223.60679774997897, 200.0, 223.60679774997897, 282.842712474619, 223.60679774997897, 141.4213562373095, 100.0, 141.4213562373095, 223.60679774997897, 200.0, 100.0, 0.0, 100.0, 200.0, 223.60679774997897, 141.4213562373095, 100.0, 141.4213562373095, 223.60679774997897, 282.842712474619, 223.60679774997897, 200.0, 223.60679774997897, 282.842712474619], [360.5551275463989, 282.842712474619, 223.60679774997897, 200.0, 223.60679774997897, 316.22776601683796, 223.60679774997897, 141.4213562373095, 100.0, 141.4213562373095, 300.0, 200.0, 100.0, 0.0, 100.0, 316.22776601683796, 223.60679774997897, 141.4213562373095, 100.0, 141.4213562373095, 360.5551275463989, 282.842712474619, 223.60679774997897, 200.0, 223.60679774997897], [447.21359549995793, 360.5551275463989, 282.842712474619, 223.60679774997897, 200.0, 412.31056256176606, 316.22776601683796, 223.60679774997897, 141.4213562373095, 100.0, 400.0, 300.0, 200.0, 100.0, 0.0, 412.31056256176606, 316.22776601683796, 223.60679774997897, 141.4213562373095, 100.0, 447.21359549995793, 360.5551275463989, 282.842712474619, 223.60679774997897, 200.0], [300.0, 316.22776601683796, 360.5551275463989, 424.26406871192853, 500.0, 200.0, 223.60679774997897, 282.842712474619, 360.5551275463989, 447.21359549995793, 100.0, 141.4213562373095, 223.60679774997897, 316.22776601683796, 412.31056256176606, 0.0, 100.0, 200.0, 300.0, 400.0, 100.0, 141.4213562373095, 223.60679774997897, 316.22776601683796, 412.31056256176606], [316.22776601683796, 300.0, 316.22776601683796, 360.5551275463989, 424.26406871192853, 223.60679774997897, 200.0, 223.60679774997897, 282.842712474619, 360.5551275463989, 141.4213562373095, 100.0, 141.4213562373095, 223.60679774997897, 316.22776601683796, 100.0, 0.0, 100.0, 200.0, 300.0, 141.4213562373095, 100.0, 141.4213562373095, 223.60679774997897, 316.22776601683796], [360.5551275463989, 316.22776601683796, 300.0, 316.22776601683796, 360.5551275463989, 282.842712474619, 223.60679774997897, 200.0, 223.60679774997897, 282.842712474619, 223.60679774997897, 141.4213562373095, 100.0, 141.4213562373095, 223.60679774997897, 200.0, 100.0, 0.0, 100.0, 200.0, 223.60679774997897, 141.4213562373095, 100.0, 141.4213562373095, 223.60679774997897], [424.26406871192853, 360.5551275463989, 316.22776601683796, 300.0, 316.22776601683796, 360.5551275463989, 282.842712474619, 223.60679774997897, 200.0, 223.60679774997897, 316.22776601683796, 223.60679774997897, 141.4213562373095, 100.0, 141.4213562373095, 300.0, 200.0, 100.0, 0.0, 100.0, 316.22776601683796, 223.60679774997897, 141.4213562373095, 100.0, 141.4213562373095], [500.0, 424.26406871192853, 360.5551275463989, 316.22776601683796, 300.0, 447.21359549995793, 360.5551275463989, 282.842712474619, 223.60679774997897, 200.0, 412.31056256176606, 316.22776601683796, 223.60679774997897, 141.4213562373095, 100.0, 400.0, 300.0, 200.0, 100.0, 0.0, 412.31056256176606, 316.22776601683796, 223.60679774997897, 141.4213562373095, 100.0], [400.0, 412.31056256176606, 447.21359549995793, 500.0, 565.685424949238, 300.0, 316.22776601683796, 360.5551275463989, 424.26406871192853, 500.0, 200.0, 223.60679774997897, 282.842712474619, 360.5551275463989, 447.21359549995793, 100.0, 141.4213562373095, 223.60679774997897, 316.22776601683796, 412.31056256176606, 0.0, 100.0, 200.0, 300.0, 400.0], [412.31056256176606, 400.0, 412.31056256176606, 447.21359549995793, 500.0, 316.22776601683796, 300.0, 316.22776601683796, 360.5551275463989, 424.26406871192853, 223.60679774997897, 200.0, 223.60679774997897, 282.842712474619, 360.5551275463989, 141.4213562373095, 100.0, 141.4213562373095, 223.60679774997897, 316.22776601683796, 100.0, 0.0, 100.0, 200.0, 300.0], [447.21359549995793, 412.31056256176606, 400.0, 412.31056256176606, 447.21359549995793, 360.5551275463989, 316.22776601683796, 300.0, 316.22776601683796, 360.5551275463989, 282.842712474619, 223.60679774997897, 200.0, 223.60679774997897, 282.842712474619, 223.60679774997897, 141.4213562373095, 100.0, 141.4213562373095, 223.60679774997897, 200.0, 100.0, 0.0, 100.0, 200.0], [500.0, 447.21359549995793, 412.31056256176606, 400.0, 412.31056256176606, 424.26406871192853, 360.5551275463989, 316.22776601683796, 300.0, 316.22776601683796, 360.5551275463989, 282.842712474619, 223.60679774997897, 200.0, 223.60679774997897, 316.22776601683796, 223.60679774997897, 141.4213562373095, 100.0, 141.4213562373095, 300.0, 200.0, 100.0, 0.0, 100.0], [565.685424949238, 500.0, 447.21359549995793, 412.31056256176606, 400.0, 500.0, 424.26406871192853, 360.5551275463989, 316.22776601683796, 300.0, 447.21359549995793, 360.5551275463989, 282.842712474619, 223.60679774997897, 200.0, 412.31056256176606, 316.22776601683796, 223.60679774997897, 141.4213562373095, 100.0, 400.0, 300.0, 200.0, 100.0, 0.0]]",2541.4213562373097,"[0, 5, 10, 15, 20, 21, 22, 23, 24, 19, 18, 17, 16, 11, 12, 13, 14, 9, 4, 3, 8, 7, 2, 1, 6, 0]",Success
