instance_id,category,num_cities,city_coordinates,distance_matrix,total_distance,optimal_path,status
Small_1,Small,10,"[[947.8098519384564, 99.10667058397749], [422.1006917867479, 716.8605394839777], [755.5878683876983, 92.95301882446493], [469.2847002436162, 902.756074916515], [203.801786734773, 439.24138435757453], [365.86191606302987, 845.4870650772834], [18.333783258607905, 149.1448496672877], [87.69684596414717, 486.3065630992469], [431.60896543012694, 564.0640564085414], [39.12305451288245, 540.7594737813731]]","[[0.0, 811.1658052508952, 192.3204575446025, 935.3281166994886, 818.0706721316778, 946.4391651625859, 930.8219924424433, 943.24871577437, 694.7292464441076, 1010.3310815706225], [811.1658052508952, 0.0, 707.4420762810012, 191.79019982211693, 353.1668263582936, 140.3836991288803, 696.6554534964981, 406.1786160394916, 153.09203933549082, 421.52515463903876], [192.3204575446025, 707.4420762810012, 0.0, 858.9240325810906, 651.4472442258707, 847.4631606654114, 739.3923910164349, 775.1163968253474, 571.7586372720019, 844.89789360712], [935.3281166994886, 191.79019982211693, 858.9240325810906, 0.0, 534.1601311676998, 118.22018345286959, 878.2292458983939, 564.8358048375211, 340.7810798661538, 562.2104416418894], [818.0706721316778, 353.1668263582936, 651.4472442258707, 534.1601311676998, 0.0, 437.3774555476208, 344.3172661263846, 125.28163600997594, 259.7629883626229, 193.45544015733313], [946.4391651625859, 140.3836991288803, 847.4631606654114, 118.22018345286959, 437.3774555476208, 0.0, 778.2469299988461, 454.2977429223159, 289.00101091284495, 446.7853942824158], [930.8219924424433, 696.6554534964981, 739.3923910164349, 878.2292458983939, 344.3172661263846, 778.2469299988461, 0.0, 344.222682971746, 585.6230223631013, 392.16604597963374], [943.24871577437, 406.1786160394916, 775.1163968253474, 564.8358048375211, 125.28163600997594, 454.2977429223159, 344.222682971746, 0.0, 352.59292914255576, 72.96939562382694], [694.7292464441076, 153.09203933549082, 571.7586372720019, 340.7810798661538, 259.7629883626229, 289.00101091284495, 585.6230223631013, 352.59292914255576, 0.0, 393.1771786866141], [1010.3310815706225, 421.52515463903876, 844.89789360712, 562.2104416418894, 193.45544015733313, 446.7853942824158, 392.16604597963374, 72.96939562382694, 393.1771786866141, 0.0]]",3078.898209658226,"[0, 2, 6, 4, 7, 9, 5, 3, 1, 8, 0]",Success
Small_2,Small,10,"[[466.5482844207678, 332.1993608118674], [38.19324639019506, 643.2995409786264], [54.93822713704477, 117.85706817534624], [178.18485173839983, 470.99610243340317], [50.864402457566186, 616.2983670249206], [65.64916943669662, 655.7091614802442], [137.6120384601799, 625.316190262705], [583.4078513621414, 514.5033302295469], [292.59859926351174, 195.08608183526377], [674.093294823604, 31.286760360808685]]","[[0.0, 529.4066118834967, 464.0748405912454, 320.02813125272894, 503.49313307655086, 515.1491934609861, 440.5865744821962, 216.5430572684509, 221.49163469084885, 365.54524269005594], [529.4066118834967, 0.0, 525.7092224850522, 222.00478486391916, 29.826524956185505, 30.13015750588751, 101.03215883879108, 560.220875528605, 515.3808189366923, 882.5692693704925], [464.0748405912454, 525.7092224850522, 0.0, 374.0279508169683, 498.4579465174267, 537.9587331361088, 514.1495110066393, 660.7634984850362, 249.89352338581023, 625.1779075087758], [320.02813125272894, 222.00478486391916, 374.0279508169683, 0.0, 193.19224855179016, 216.29423009768817, 159.56454081327954, 407.5519087117227, 298.69188989526606, 662.7740862685453], [503.49313307655086, 29.826524956185505, 498.4579465174267, 193.19224855179016, 0.0, 42.0927553651095, 87.2150989679533, 542.1851662369153, 485.6492675790919, 854.782330310778], [515.1491934609861, 30.13015750588751, 537.9587331361088, 216.29423009768817, 42.0927553651095, 0.0, 78.11777785831579, 536.6685564558206, 513.4974831489853, 871.8414928974188], [440.5865744821962, 101.03215883879108, 514.1495110066393, 159.56454081327954, 87.2150989679533, 78.11777785831579, 0.0, 459.3619452562968, 457.2950691043287, 800.4268248995969], [216.5430572684509, 560.220875528605, 660.7634984850362, 407.5519087117227, 542.1851662369153, 536.6685564558206, 459.3619452562968, 0.0, 431.96921149306405, 491.65242097594853], [221.49163469084885, 515.3808189366923, 249.89352338581023, 298.69188989526606, 485.6492675790919, 513.4974831489853, 457.2950691043287, 431.96921149306405, 0.0, 415.1727597711335], [365.54524269005594, 882.5692693704925, 625.1779075087758, 662.7740862685453, 854.782330310778, 871.8414928974188, 800.4268248995969, 491.65242097594853, 415.1727597711335, 0.0]]",2411.8111880608944,"[0, 7, 6, 5, 1, 4, 3, 2, 8, 9, 0]",Success
Small_3,Small,11,"[[284.94430615418577, 307.855432283069], [846.5440704003242, 595.8060925186571], [717.8448833401754, 360.4769077461768], [589.7425450894419, 837.012822777842], [269.24721471002664, 510.74807704598777], [75.92011688837997, 580.5446815707173], [403.0753743351757, 49.775406922612845], [541.0576102785027, 713.4502585066035], [323.5326700487281, 748.7432234378053], [492.1900668237855, 404.4259990948883], [197.8706336017536, 267.4566801087396]]","[[0.0, 631.1179588091511, 436.0870663157502, 610.6631726027623, 203.49895326192282, 343.58483432085393, 283.83137381134486, 479.68863610552006, 442.5732777940395, 228.64094053750978, 95.98897660154034], [631.1179588091511, 0.0, 268.2224933811916, 352.3176267579056, 583.5293699429817, 770.77505693328, 703.4301628464685, 327.3562693897289, 544.9134710314274, 402.7320449251737, 727.0423400586841], [436.0870663157502, 268.2224933811916, 0.0, 493.4538351055464, 473.09755085303203, 678.5994627615626, 442.28414668995737, 394.7707261989238, 553.3830982705844, 229.89479952235325, 528.2291009976215], [610.6631726027623, 352.3176267579056, 493.4538351055464, 0.0, 457.3466312355236, 574.2729274279549, 809.0657461293373, 132.80786937086722, 280.4625103946035, 443.44993633991896, 691.3449172917391], [203.49895326192282, 583.5293699429817, 473.09755085303203, 457.3466312355236, 0.0, 205.5405866375837, 480.0060196594707, 339.07088566844516, 244.10776384087586, 246.99777239573848, 253.54549917989775], [343.58483432085393, 770.77505693328, 678.5994627615626, 574.2729274279549, 205.5405866375837, 0.0, 623.4954573896703, 483.7528089199144, 299.3371443185773, 451.993873339282, 336.00003747933454], [283.83137381134486, 703.4301628464685, 442.28414668995737, 809.0657461293373, 480.0060196594707, 623.4954573896703, 0.0, 677.8668055458623, 703.4792465518915, 365.6753627816416, 299.1556824053391], [479.68863610552006, 327.3562693897289, 394.7707261989238, 132.80786937086722, 339.07088566844516, 483.7528089199144, 677.8668055458623, 0.0, 220.3694466018419, 312.86423526548657, 562.7500092693549], [442.5732777940395, 544.9134710314274, 553.3830982705844, 280.4625103946035, 244.10776384087586, 299.3371443185773, 703.4792465518915, 220.3694466018419, 0.0, 383.4053578996384, 497.42103312349127], [228.64094053750978, 402.7320449251737, 229.89479952235325, 443.44993633991896, 246.99777239573848, 451.993873339282, 365.6753627816416, 312.86423526548657, 383.4053578996384, 0.0, 324.6298247476153], [95.98897660154034, 727.0423400586841, 528.2291009976215, 691.3449172917391, 253.54549917989775, 336.00003747933454, 299.1556824053391, 562.7500092693549, 497.42103312349127, 324.6298247476153, 0.0]]",2672.8089416407643,"[0, 10, 6, 9, 2, 1, 3, 7, 8, 5, 4, 0]",Success
Small_4,Small,11,"[[79.4190404439521, 738.5446333962437], [486.79937941276097, 62.80300321634169], [282.97893740340885, 171.71495901031787], [166.3314663006341, 770.3295190829926], [703.5461528982569, 815.5597751753475], [871.4644408898306, 201.28509626181236], [987.5654054638062, 290.09039021607697], [756.1236588172519, 916.5358259762368], [173.00749667049396, 761.4913637482479], [151.23279113078368, 756.2827173735823], [998.4752203281257, 528.6500807022484]]","[[0.0, 789.0408679761354, 602.2727882069713, 92.54214567651294, 628.860862642766, 957.0703874895386, 1012.8381057824938, 699.7213768092279, 96.36052912222375, 73.97198395945263, 942.7194625305574], [789.0408679761354, 0.0, 231.0943242395985, 776.7196752940175, 783.3402335808595, 408.8330950588665, 549.9328769369254, 895.2068476806501, 765.9182533519485, 770.4018750748301, 691.9723013088067], [602.2727882069713, 231.0943242395985, 0.0, 609.8737771421843, 769.0337639217609, 589.2279531987086, 714.4612191623662, 882.3967652193917, 599.9416016267513, 599.2299318087672, 799.5859003111046], [92.54214567651294, 776.7196752940175, 609.8737771421843, 0.0, 539.115382420463, 906.103783789086, 951.3436832860745, 607.6439043789715, 11.076207438485831, 20.622381776801436, 866.528809851697], [628.860862642766, 783.3402335808595, 769.0337639217609, 539.115382420463, 0.0, 636.8123213289358, 597.3148335320053, 113.84444195482595, 533.2866573112536, 555.4852105758727, 411.4612103196353], [957.0703874895386, 408.8330950588665, 589.2279531987086, 906.103783789086, 636.8123213289358, 0.0, 146.1704970550175, 724.4909263518286, 895.3620301639428, 909.2612324048366, 351.1403866421665], [1012.8381057824938, 549.9328769369254, 714.4612191623662, 951.3436832860745, 597.3148335320053, 146.1704970550175, 0.0, 667.8316899305876, 941.1288246700409, 957.4902232908901, 238.80902408667816], [699.7213768092279, 895.2068476806501, 882.3967652193917, 607.6439043789715, 113.84444195482595, 724.4909263518286, 667.8316899305876, 0.0, 603.3765356925395, 625.7587559333889, 457.37252951343316], [96.36052912222375, 765.9182533519485, 599.9416016267513, 11.076207438485831, 533.2866573112536, 895.3620301639428, 941.1288246700409, 603.3765356925395, 0.0, 22.389010661425097, 857.678276448121], [73.97198395945263, 770.4018750748301, 599.2299318087672, 20.622381776801436, 555.4852105758727, 909.2612324048366, 957.4902232908901, 625.7587559333889, 22.389010661425097, 0.0, 877.2892060832372], [942.7194625305574, 691.9723013088067, 799.5859003111046, 866.528809851697, 411.4612103196353, 351.1403866421665, 238.80902408667816, 457.37252951343316, 857.678276448121, 877.2892060832372, 0.0]]",2837.3539306013845,"[0, 9, 3, 8, 4, 7, 10, 6, 5, 1, 2, 0]",Success
Small_5,Small,12,"[[91.11794169224507, 64.19446485625302], [223.50327102050082, 11.112725248311639], [448.438312153703, 832.342073388981], [591.563476319855, 676.5002472617355], [47.469336008598596, 487.4262959960298], [641.2662085288342, 795.7276389818754], [358.45546470271194, 979.8351896862046], [77.66000191417955, 307.45904236182207], [679.389617902755, 940.7239992204343], [792.0411601673338, 70.00774039333469], [388.23864601222493, 768.7879097117293], [630.7097441467191, 278.6189790230589]]","[[0.0, 142.6308048815403, 847.1886422994955, 790.7996612897001, 425.4766546686845, 915.3162843245012, 953.869638984537, 243.6365547532493, 1055.6361066410202, 700.9473249609753, 764.6781254023865, 580.6351570063072], [142.6308048815403, 0.0, 851.4771958057033, 760.4004663176945, 507.80169747079043, 888.9018139303797, 978.0773526088137, 330.28987088671084, 1035.3789074390688, 571.5802255191034, 775.376959243269, 487.2132054496194], [847.1886422994955, 851.4771958057033, 0.0, 211.59273945072547, 528.9073768869529, 196.27331562749578, 172.7748019546098, 642.6342284724133, 255.11790896392742, 836.1916959806497, 87.53931416375345, 582.9512330846866], [790.7996612897001, 760.4004663176945, 211.59273945072547, 0.0, 576.0098892972859, 129.17249136493885, 382.55905736990997, 632.6833267284705, 278.43782473735786, 638.7679254693107, 223.28904867930842, 399.8023685522514], [425.4766546686845, 507.80169747079043, 528.9073768869529, 576.0098892972859, 0.0, 669.0623617434245, 582.3906685596305, 182.48202291859238, 777.6902020841657, 853.5956020812823, 441.9141096559942, 619.4916216597059], [915.3162843245012, 888.9018139303797, 196.27331562749578, 129.17249136493885, 669.0623617434245, 0.0, 337.457415164983, 745.6930860480585, 149.92444371990007, 741.2168759876922, 254.45765149872267, 517.2164006918708], [953.869638984537, 978.0773526088137, 172.7748019546098, 382.55905736990997, 582.3906685596305, 337.457415164983, 0.0, 728.6533986837678, 323.3085459895524, 1007.8603786231055, 213.13843452915728, 752.2144420126195], [243.6365547532493, 330.28987088671084, 642.6342284724133, 632.6833267284705, 182.48202291859238, 745.6930860480585, 728.6533986837678, 0.0, 873.5576891899575, 752.8104409967013, 556.1325543610342, 553.8011977567963], [1055.6361066410202, 1035.3789074390688, 255.11790896392742, 278.43782473735786, 777.6902020841657, 149.92444371990007, 323.3085459895524, 873.5576891899575, 0.0, 877.9733329438025, 338.1285366666731, 663.8921507891703], [700.9473249609753, 571.5802255191034, 836.1916959806497, 638.7679254693107, 853.5956020812823, 741.2168759876922, 1007.8603786231055, 752.8104409967013, 877.9733329438025, 0.0, 807.0626961213306, 263.71665604933713], [764.6781254023865, 775.376959243269, 87.53931416375345, 223.28904867930842, 441.9141096559942, 254.45765149872267, 213.13843452915728, 556.1325543610342, 338.1285366666731, 807.0626961213306, 0.0, 546.8617869654288], [580.6351570063072, 487.2132054496194, 582.9512330846866, 399.8023685522514, 619.4916216597059, 517.2164006918708, 752.2144420126195, 553.8011977567963, 663.8921507891703, 263.71665604933713, 546.8617869654288, 0.0]]",3108.4823395228227,"[0, 1, 9, 11, 3, 5, 8, 6, 2, 10, 4, 7, 0]",Success
Small_6,Small,12,"[[115.92246178870936, 197.0263214822937], [218.84266503905337, 504.84351242588946], [516.4554095314195, 698.5035675106184], [820.9668925266823, 931.3363727935829], [751.0821758194635, 885.2160887375885], [320.11693662520514, 904.8351972562489], [577.2247708776468, 192.39549240597208], [415.37471911759326, 207.64317865089822], [258.9884982690861, 656.6722272784922], [386.2259172209632, 362.106713538589], [303.75528975537514, 824.340111214218], [645.0493175063019, 670.066748750458]]","[[0.0, 324.56739096449326, 641.7990888990241, 1017.987672209944, 936.5004100813444, 736.6741397511811, 461.32555202234323, 299.6404046110982, 481.39614613061894, 316.7262127770239, 654.831094290569, 709.74817736408], [324.56739096449326, 0.0, 355.07402414102137, 737.8683793686993, 654.188194364412, 412.61340988719115, 475.4592506195158, 356.3044859053789, 157.04663823057962, 219.979423736827, 330.587704661751, 457.1113960829485], [641.7990888990241, 355.07402414102137, 0.0, 383.325395052179, 299.85210528144734, 284.8184287868891, 509.74336578768606, 501.159881999798, 260.84300147901644, 360.7250532326775, 247.13594777775967, 131.700591606305], [1017.987672209944, 737.8683793686993, 383.325395052179, 0.0, 83.73144111177015, 501.5505863134567, 778.1027223792438, 829.600416091476, 625.5078804011034, 716.2556251683642, 528.1628934649084, 314.97429998126347], [936.5004100813444, 654.188194364412, 299.85210528144734, 83.73144111177015, 0.0, 431.41157473210114, 714.3016001342846, 756.1775882480147, 542.5757864996275, 637.7801406908053, 451.4501385925358, 239.85871995605424], [736.6741397511811, 412.61340988719115, 284.8184287868891, 501.5505863134567, 431.41157473210114, 0.0, 757.4132105272065, 703.669493393291, 255.58080061702367, 546.7399787411567, 82.1411125150309, 400.8706481633125], [461.32555202234323, 475.4592506195158, 509.74336578768606, 778.1027223792438, 714.3016001342846, 757.4132105272065, 0.0, 162.56669766762113, 562.8740638434841, 255.5043261404614, 688.5779246722798, 482.4624319707207], [299.6404046110982, 356.3044859053789, 501.159881999798, 829.600416091476, 756.1775882480147, 703.669493393291, 162.56669766762113, 0.0, 475.482635416563, 157.18980966338071, 626.7168448702771, 516.3196484045877], [481.39614613061894, 157.04663823057962, 260.84300147901644, 625.5078804011034, 542.5757864996275, 255.58080061702367, 562.8740638434841, 475.482635416563, 0.0, 320.8710062725964, 173.5413061016337, 386.2931132644914], [316.7262127770239, 219.979423736827, 360.7250532326775, 716.2556251683642, 637.7801406908053, 546.7399787411567, 255.5043261404614, 157.18980966338071, 320.8710062725964, 0.0, 469.53287246083636, 402.2796736388259], [654.831094290569, 330.587704661751, 247.13594777775967, 528.1628934649084, 451.4501385925358, 82.1411125150309, 688.5779246722798, 626.7168448702771, 173.5413061016337, 469.53287246083636, 0.0, 374.5422322573585], [709.74817736408, 457.1113960829485, 131.700591606305, 314.97429998126347, 239.85871995605424, 400.8706481633125, 482.4624319707207, 516.3196484045877, 386.2931132644914, 402.2796736388259, 374.5422322573585, 0.0]]",2772.574268451182,"[0, 7, 6, 9, 2, 11, 4, 3, 5, 10, 8, 1, 0]",Success
Small_7,Small,13,"[[805.9383649898771, 997.6863833863457], [417.1500882751167, 365.1371687719567], [397.05292075498943, 354.62698305981667], [951.4366052936072, 835.6342420532611], [301.60129288916306, 307.3843279796636], [197.51509766213115, 173.8801092632417], [545.7174883958706, 689.922536849957], [881.7001930438415, 592.2333358500663], [506.21420600692943, 961.1990775439151], [720.2609318908495, 768.1330601890701], [364.83783180058595, 308.32750013884845], [372.99056492404225, 820.5927916399625], [160.9847382182903, 898.1785865818179]]","[[0.0, 742.4788434831753, 762.0450766558869, 217.78575353342103, 854.9109953637342, 1024.1267741399793, 403.030383284222, 412.47063937513775, 301.93690560392633, 245.021123035038, 818.4041485061726, 467.76696956869534, 652.584846828912], [742.4788434831753, 0.0, 22.679509387015617, 711.9196431016795, 129.17784150048692, 291.23665963179565, 349.30661558489305, 517.0874867391416, 602.679198376895, 504.26369293903673, 77.22635966857847, 457.59139841640075, 591.3998982672244], [762.0450766558869, 22.679509387015617, 0.0, 733.9681552267783, 106.50296578620949, 269.22996718766615, 366.7754927244827, 539.758980863968, 616.3163895311251, 524.8339683035219, 56.40437992823924, 466.58668190796465, 592.6014955242006], [217.78575353342103, 711.9196431016795, 733.9681552267783, 0.0, 837.4568078214807, 1003.1531149002074, 431.0915249103533, 253.19393423620107, 462.5900050134902, 240.82898813531784, 788.7651875760681, 578.6415702745215, 792.9224105770761], [854.9109953637342, 129.17784150048692, 106.50296578620949, 837.4568078214807, 0.0, 169.2847082636882, 453.79312263889733, 646.2613180791654, 685.0840612379649, 622.5474179221995, 63.24357222056453, 518.1499351869439, 607.2980087607531], [1024.1267741399793, 291.23665963179565, 269.22996718766615, 1003.1531149002074, 169.2847082636882, 0.0, 622.5308763284614, 801.9530328754217, 845.6750542066483, 791.4542165454258, 214.6462165350841, 670.0962118663851, 725.2191057929349], [403.030383284222, 349.30661558489305, 366.7754927244827, 431.0915249103533, 453.79312263889733, 622.5308763284614, 0.0, 349.89649585922217, 274.1376859360659, 191.26499843950234, 422.2939997354692, 216.58556179701313, 437.4812810956872], [412.47063937513775, 517.0874867391416, 539.758980863968, 253.19393423620107, 646.2613180791654, 801.9530328754217, 349.89649585922217, 0.0, 526.4270557302086, 238.7537393721017, 589.7026572950462, 557.6141379040187, 782.9644074092483], [301.93690560392633, 602.679198376895, 616.3163895311251, 462.5900050134902, 685.0840612379649, 845.6750542066483, 274.1376859360659, 526.4270557302086, 0.0, 288.25420711394196, 668.003424966603, 193.69735718147015, 350.9344208121096], [245.021123035038, 504.26369293903673, 524.8339683035219, 240.82898813531784, 622.5474179221995, 791.4542165454258, 191.26499843950234, 238.7537393721017, 288.25420711394196, 0.0, 581.1598172025243, 351.21038025257843, 574.1965689061828], [818.4041485061726, 77.22635966857847, 56.40437992823924, 788.7651875760681, 63.24357222056453, 214.6462165350841, 422.2939997354692, 589.7026572950462, 668.003424966603, 581.1598172025243, 0.0, 512.3301630141481, 624.0836385782146], [467.76696956869534, 457.59139841640075, 466.58668190796465, 578.6415702745215, 518.1499351869439, 670.0962118663851, 216.58556179701313, 557.6141379040187, 193.69735718147015, 351.21038025257843, 512.3301630141481, 0.0, 225.75656387788365], [652.584846828912, 591.3998982672244, 592.6014955242006, 792.9224105770761, 607.2980087607531, 725.2191057929349, 437.4812810956872, 782.9644074092483, 350.9344208121096, 574.1965689061828, 624.0836385782146, 225.75656387788365, 0.0]]",3008.527143421842,"[0, 8, 11, 12, 5, 4, 10, 2, 1, 6, 9, 7, 3, 0]",Success
Small_8,Small,13,"[[802.6289034728206, 312.4806349533017], [910.0703592406235, 863.4841871109422], [596.6341863522035, 215.36740280760048], [233.05482025436396, 663.5140289562488], [382.68465051034815, 956.5511782414583], [155.89023828189207, 238.1497062310607], [403.54114492603753, 907.2746718490932], [829.8034114183145, 335.99368074366555], [780.7181518721884, 313.3542637705986], [355.68880075492314, 524.0987593055213], [614.9175986926352, 809.8670262267791], [945.6107570290172, 249.99748615212502], [631.0694301566803, 818.1866986878898]]","[[0.0, 561.3809588041283, 227.73845380038026, 669.058353194528, 768.8823319128294, 650.996150539813, 716.2757746487646, 35.93490231542939, 21.92816141437808, 494.507518620128, 531.6284004512291, 156.03831045764255, 534.0143029755316], [561.3809588041283, 0.0, 719.9288857732018, 705.9306652790121, 535.5344532436941, 979.7095834106339, 508.418579034789, 533.5625710451542, 565.1326623948919, 650.0164467116987, 299.9832528665164, 614.5152985307124, 282.65417189056325], [227.73845380038026, 719.9288857732018, 0.0, 577.0834896100591, 771.4452623831017, 441.33237033995596, 718.3457326383054, 262.52349694196806, 208.5385606619191, 391.6244748808077, 594.7807036314774, 350.69058948565737, 603.8020284012647], [669.058353194528, 705.9306652790121, 577.0834896100591, 0.0, 329.02865675140936, 432.30681206574144, 297.4640111401514, 680.7190753530061, 650.0361420364293, 185.6763597908915, 408.9478956623497, 823.8518642362098, 427.0120191020462], [768.8823319128294, 535.5344532436941, 771.4452623831017, 329.02865675140936, 0.0, 753.3501048017163, 53.5085735331122, 764.8573684397622, 756.3946978867583, 433.2942078398471, 274.67868987910646, 903.3847027735948, 284.3232807247532], [650.996150539813, 979.7095834106339, 441.33237033995596, 432.30681206574144, 753.3501048017163, 0.0, 713.4838408646691, 680.9790072206521, 629.3374667666947, 348.83567266045253, 733.189478640236, 789.8093868898283, 749.8254310232085], [716.2757746487646, 508.418579034789, 718.3457326383054, 297.4640111401514, 53.5085735331122, 713.4838408646691, 0.0, 712.7843226625657, 703.565168055513, 386.1523362563923, 232.7407455359395, 851.969930926674, 244.34767758660612], [35.93490231542939, 533.5625710451542, 262.52349694196806, 680.7190753530061, 764.8573684397622, 680.9790072206521, 712.7843226625657, 0.0, 54.05465665038444, 510.0668432914073, 520.318998375164, 144.24523139994218, 521.5412753198528], [21.92816141437808, 565.1326623948919, 208.5385606619191, 650.0361420364293, 756.3946978867583, 629.3374667666947, 703.565168055513, 54.05465665038444, 0.0, 474.4082542593801, 523.4641790194563, 176.64555614450813, 526.5458453502474], [494.507518620128, 650.0164467116987, 391.6244748808077, 185.6763597908915, 433.2942078398471, 348.83567266045253, 386.1523362563923, 510.0668432914073, 474.4082542593801, 0.0, 385.8277751269476, 650.4916774552669, 402.8923021601127], [531.6284004512291, 299.9832528665164, 594.7807036314774, 408.9478956623497, 274.67868987910646, 733.189478640236, 232.7407455359395, 520.318998375164, 523.4641790194563, 385.8277751269476, 0.0, 650.2398533417465, 18.168616059102536], [156.03831045764255, 614.5152985307124, 350.69058948565737, 823.8518642362098, 903.3847027735948, 789.8093868898283, 851.969930926674, 144.24523139994218, 176.64555614450813, 650.4916774552669, 650.2398533417465, 0.0, 649.4422434309481], [534.0143029755316, 282.65417189056325, 603.8020284012647, 427.0120191020462, 284.3232807247532, 749.8254310232085, 244.34767758660612, 521.5412753198528, 526.5458453502474, 402.8923021601127, 18.168616059102536, 649.4422434309481, 0.0]]",2917.1073208838075,"[0, 8, 2, 5, 9, 3, 4, 6, 10, 12, 1, 11, 7, 0]",Success
Small_9,Small,14,"[[849.7197452508775, 985.573323754862], [17.621574728715284, 149.54935188643591], [157.10211708156896, 542.6266768666726], [729.1956295762444, 273.9822230290081], [927.3652940693589, 794.360016329039], [962.7812065797884, 850.9608143499804], [754.3656326848036, 204.47934400983158], [524.6740088023997, 843.5595786481312], [176.41175387484708, 757.2696594669849], [485.8734535478384, 707.0240659906115], [68.57364235585273, 945.0391306022092], [115.03965309482145, 625.0412318913934], [996.7512686383359, 78.87324711866994], [212.72770214095073, 759.4303707130155]]","[[0.0, 1179.5437452358383, 822.144093721027, 721.7256799445236, 206.37674333132955, 175.79369080290726, 786.8927576088075, 354.7148637745151, 710.9614717958326, 458.22899623121623, 782.1970690833745, 818.3753583007492, 918.5441186147311, 675.9434134569591], [1179.5437452358383, 0.0, 417.0906437558445, 722.3719090281255, 1115.0849419926085, 1176.9897065633602, 738.7889488671851, 859.5070481094775, 628.1228329228747, 728.0370037870128, 797.1198788367722, 485.3687360586729, 981.6771716204322, 640.3290232987617], [822.144093721027, 417.0906437558445, 0.0, 632.0291366829796, 810.3548827644579, 862.6637442203395, 686.3434459430136, 475.0470576246517, 215.50979572317885, 367.58277058723075, 412.035282177045, 92.52788637248322, 959.2069335201003, 223.8259309790027], [721.7256799445236, 722.3719090281255, 632.0291366829796, 0.0, 556.8341437853136, 622.4680848258906, 73.92008690768135, 605.183821163482, 734.2593271142351, 496.7201617639258, 941.6680854742434, 707.4107655042369, 331.139747651509, 708.8011174928702], [206.37674333132955, 1115.0849419926085, 810.3548827644579, 556.8341437853136, 0.0, 66.76778561217827, 614.7260287436436, 405.6856765555641, 751.8689474255635, 450.047345807745, 871.9101424636367, 829.7841874536626, 718.8433281195414, 715.4907182766909], [175.79369080290726, 1176.9897065633602, 862.6637442203395, 622.4680848258906, 66.76778561217827, 0.0, 679.2461578361239, 438.1697103112792, 791.931151458748, 498.15538984362274, 899.142868238501, 877.3285583197252, 772.8345078924885, 755.6176821868062], [786.8927576088075, 738.7889488671851, 686.3434459430136, 73.92008690768135, 614.7260287436436, 679.2461578361239, 0.0, 679.1036654201475, 799.7548492473758, 569.7712241316295, 1009.326236415705, 765.2515989641535, 272.9975972290419, 775.4626295591204], [354.7148637745151, 859.5070481094775, 475.0470576246517, 605.183821163482, 405.6856765555641, 438.1697103112792, 679.1036654201475, 0.0, 358.7931832678994, 141.94164048901925, 467.253297192727, 464.2742435729777, 898.6668597885376, 323.09166171151605], [710.9614717958326, 628.1228329228747, 215.50979572317885, 734.2593271142351, 751.8689474255635, 791.931151458748, 799.7548492473758, 358.7931832678994, 0.0, 313.5142153528124, 216.5327517637572, 145.77685623330976, 1064.508624563212, 36.38017003196988], [458.22899623121623, 728.0370037870128, 367.58277058723075, 496.7201617639258, 450.047345807745, 498.15538984362274, 569.7712241316295, 141.94164048901925, 313.5142153528124, 0.0, 480.4063940071259, 379.7879574780747, 809.6725221971727, 278.12770859137845], [782.1970690833745, 797.1198788367722, 412.035282177045, 941.6680854742434, 871.9101424636367, 899.142868238501, 1009.326236415705, 467.253297192727, 216.5327517637572, 480.4063940071259, 0.0, 323.35390106403764, 1269.549937435391, 235.0127756104548], [818.3753583007492, 485.3687360586729, 92.52788637248322, 707.4107655042369, 829.7841874536626, 877.3285583197252, 765.2515989641535, 464.2742435729777, 145.77685623330976, 379.7879574780747, 323.35390106403764, 0.0, 1037.166737113687, 166.1426963777107], [918.5441186147311, 981.6771716204322, 959.2069335201003, 331.139747651509, 718.8433281195414, 772.8345078924885, 272.9975972290419, 898.6668597885376, 1064.508624563212, 809.6725221971727, 1269.549937435391, 1037.166737113687, 0.0, 1038.1960081305886], [675.9434134569591, 640.3290232987617, 223.8259309790027, 708.8011174928702, 715.4907182766909, 755.6176821868062, 775.4626295591204, 323.09166171151605, 36.38017003196988, 278.12770859137845, 235.0127756104548, 166.1426963777107, 1038.1960081305886, 0.0]]",3891.363963542481,"[0, 5, 4, 12, 6, 3, 1, 2, 11, 10, 8, 13, 9, 7, 0]",Success
Small_10,Small,14,"[[16.74190451138291, 793.56271664754], [316.666395266117, 53.70531837738923], [278.4870786124125, 623.3949835724986], [144.44683294026018, 18.011720149607502], [638.8630068563791, 982.3336468523689], [69.74290666861293, 178.8238256275718], [56.99206836041082, 338.46469769726497], [486.398511038117, 104.70686492023329], [785.6462953314382, 260.0776546556961], [183.08136197865988, 400.59666802237393], [292.1185751922695, 752.0501317671947], [579.8380898608003, 956.0634400289324], [893.3252934345155, 552.1930593466419], [403.8515536650621, 464.04172629320874]]","[[0.0, 798.3380674435881, 312.19800374934624, 785.9948453482127, 650.1300870390091, 617.0194570369163, 456.8744713182588, 833.7264014730256, 935.8526986608532, 426.7213733603983, 278.48807058604376, 586.0749090812038, 909.2072091671496, 508.3679411135048], [798.3380674435881, 0.0, 570.9675777574938, 175.87953434710923, 982.9350074987059, 276.8137461862682, 385.38118813010635, 177.22908585839264, 512.378461536241, 371.7237812905304, 698.776125707526, 939.9518713989235, 762.2502953318025, 419.4963879538261], [312.19800374934624, 570.9675777574938, 0.0, 620.0449040935669, 508.63324080799185, 491.13912875782523, 360.8951473426551, 558.806342272826, 623.8669350064129, 242.36612836444957, 129.37528688279633, 448.866053407397, 618.9472872701642, 202.75530131354387], [785.9948453482127, 175.87953434710923, 620.0449040935669, 0.0, 1083.680825404593, 177.3166937111552, 332.17231472065265, 352.77046117941916, 685.3704598383575, 384.53071291228, 748.7451723983362, 1034.169510172973, 919.8742586563574, 515.9782703901138], [650.1300870390091, 982.9350074987059, 508.63324080799185, 1083.680825404593, 0.0, 984.6449721815668, 867.8369736029209, 890.7716827839068, 737.0203878045388, 739.0228821529746, 416.24776060664885, 64.60700111351011, 499.77192829364236, 569.0842626957781], [617.0194570369163, 276.8137461862682, 491.13912875782523, 177.3166937111552, 984.6449721815668, 0.0, 160.14928008809173, 423.1964278169298, 720.4997200767311, 249.05581518193318, 614.8490351312425, 929.6765642472907, 904.2635304373313, 439.2924297753275], [456.8744713182588, 385.38118813010635, 360.8951473426551, 332.17231472065265, 867.8369736029209, 160.14928008809173, 0.0, 488.90962088890916, 732.8584522263124, 140.56632492040632, 475.74928848056544, 809.1947656333691, 863.2109104594196, 368.891708576913], [833.7264014730256, 177.22908585839264, 558.806342272826, 352.77046117941916, 890.7716827839068, 423.1964278169298, 488.90962088890916, 0.0, 337.1784671468264, 423.7358475434673, 675.868329339645, 856.4688977840202, 604.841549857246, 368.6943758311], [935.8526986608532, 512.378461536241, 623.8669350064129, 685.3704598383575, 737.0203878045388, 720.4997200767311, 732.8584522263124, 337.1784671468264, 0.0, 618.7326498771362, 696.8547400864757, 725.7776731759146, 311.3296906660808, 432.86090985794414], [426.7213733603983, 371.7237812905304, 242.36612836444957, 384.53071291228, 739.0228821529746, 249.05581518193318, 140.56632492040632, 423.7358475434673, 618.7326498771362, 0.0, 367.97914484875656, 682.6120683983904, 726.2423204636389, 229.70579652294455], [278.48807058604376, 698.776125707526, 129.37528688279633, 748.7451723983362, 416.24776060664885, 614.8490351312425, 475.74928848056544, 675.868329339645, 696.8547400864757, 367.97914484875656, 0.0, 352.70944000550054, 633.555338905865, 308.92248235126794], [586.0749090812038, 939.9518713989235, 448.866053407397, 1034.169510172973, 64.60700111351011, 929.6765642472907, 809.1947656333691, 856.4688977840202, 725.7776731759146, 682.6120683983904, 352.70944000550054, 0.0, 511.2587517069279, 522.5482061107973], [909.2072091671496, 762.2502953318025, 618.9472872701642, 919.8742586563574, 499.77192829364236, 904.2635304373313, 863.2109104594196, 604.841549857246, 311.3296906660808, 726.2423204636389, 633.555338905865, 511.2587517069279, 0.0, 497.34816722593024], [508.3679411135048, 419.4963879538261, 202.75530131354387, 515.9782703901138, 569.0842626957781, 439.2924297753275, 368.891708576913, 368.6943758311, 432.86090985794414, 229.70579652294455, 308.92248235126794, 522.5482061107973, 497.34816722593024, 0.0]]",3419.8846183225937,"[0, 10, 11, 4, 12, 8, 7, 1, 3, 5, 6, 9, 13, 2, 0]",Success
Small_11,Small,15,"[[844.0687824775144, 438.9895040229758], [219.7124381784391, 5.75448677297119], [947.3462583544583, 261.78613892807266], [341.5616190951375, 937.4284104266558], [326.3253843094145, 279.165973375336], [373.35465218324913, 889.4881762557683], [927.9147596698213, 975.4577423018072], [883.7831464823486, 90.17472122672399], [131.72441462063034, 758.5687543928851], [649.2062087119431, 830.7252197653205], [355.87151271324467, 674.7542508261847], [143.12325536339165, 269.084055477814], [131.11743743275784, 379.7664463326961], [320.2519121909432, 945.7032538658449], [74.10716071787937, 508.92435669935077]]","[[0.0, 759.9430405221942, 205.10307073388796, 707.7815995541982, 541.8503366201121, 651.5526426484629, 542.9809559950753, 351.06834577544123, 780.7466911133322, 437.52519200922575, 542.1453587742576, 721.2437129200005, 715.4068709226336, 728.7955391443065, 773.1311548512282], [759.9430405221942, 0.0, 771.364494366456, 939.6081752019413, 293.4623677558017, 896.9900578329598, 1200.7809675161436, 669.4151788034707, 757.9387929257329, 930.0761308737152, 682.7151513489576, 274.24143501403154, 384.3618348000131, 945.3104625434569, 523.8137214946706], [205.10307073388796, 771.364494366456, 0.0, 907.4511051281554, 621.2640216889149, 850.5740482875929, 713.9360899990755, 183.00477555608518, 955.0036434505519, 642.3232573282505, 721.377180243477, 804.2561147581883, 824.7113683213776, 927.8954354317369, 907.5372280652239], [707.7815995541982, 939.6081752019413, 907.4511051281554, 0.0, 658.4387434554473, 57.52445571495041, 587.5850879189032, 1005.9040702895156, 275.7216511959024, 325.62365457349995, 263.063656131316, 697.1814405106579, 596.0483367921443, 22.85993530799588, 505.12138280477257], [541.8503366201121, 293.4623677558017, 621.2640216889149, 658.4387434554473, 0.0, 612.131475555352, 920.1804192772624, 588.6228418907609, 517.3940121910721, 639.1162875761688, 396.6901296480482, 183.47933158491603, 219.60555021001667, 666.5649505841552, 341.1787610906261], [651.5526426484629, 896.9900578329598, 850.5740482875929, 57.52445571495041, 612.131475555352, 0.0, 561.1841757406055, 948.3877093166664, 274.8182430725427, 282.0410719998091, 215.44446824211008, 661.7460004865078, 564.3537101551162, 77.33069213059835, 484.12589468410596], [542.9809559950753, 1200.7809675161436, 713.9360899990755, 587.5850879189032, 920.1804192772624, 561.1841757406055, 0.0, 886.3823253463231, 825.2029439027143, 314.04770251796907, 646.2631555134894, 1055.8700159910165, 994.8538047459606, 608.3908824006357, 972.954683379329], [351.06834577544123, 669.4151788034707, 183.00477555608518, 1005.9040702895156, 588.6228418907609, 948.3877093166664, 886.3823253463231, 0.0, 1006.1525330393911, 776.8148946946784, 787.6699305518088, 761.9616947028987, 806.4546092800116, 1024.449375118967, 911.551676610889], [780.7466911133322, 757.9387929257329, 955.0036434505519, 275.7216511959024, 517.3940121910721, 274.8182430725427, 825.2029439027143, 1006.1525330393911, 0.0, 522.488241696411, 239.3048110495744, 489.61740577950934, 378.80279435747696, 265.6349717810505, 256.2070905479816], [437.52519200922575, 930.0761308737152, 642.3232573282505, 325.62365457349995, 639.1162875761688, 282.0410719998091, 314.04770251796907, 776.8148946946784, 522.488241696411, 0.0, 332.22309827653714, 756.0163709154835, 686.8622789624081, 348.46933512899994, 659.0104024017235], [542.1453587742576, 682.7151513489576, 721.377180243477, 263.063656131316, 396.6901296480482, 215.44446824211008, 646.2631555134894, 787.6699305518088, 239.3048110495744, 332.22309827653714, 0.0, 458.0721868869409, 370.85333914510653, 273.2802923548533, 326.94143793879215], [721.2437129200005, 274.24143501403154, 804.2561147581883, 697.1814405106579, 183.47933158491603, 661.7460004865078, 1055.8700159910165, 761.9616947028987, 489.61740577950934, 756.0163709154835, 458.0721868869409, 0.0, 111.33162762457225, 699.4198315009334, 249.572817851135], [715.4068709226336, 384.3618348000131, 824.7113683213776, 596.0483367921443, 219.60555021001667, 564.3537101551162, 994.8538047459606, 806.4546092800116, 378.80279435747696, 686.8622789624081, 370.85333914510653, 111.33162762457225, 0.0, 596.7045497252949, 141.18051374530344], [728.7955391443065, 945.3104625434569, 927.8954354317369, 22.85993530799588, 666.5649505841552, 77.33069213059835, 608.3908824006357, 1024.449375118967, 265.6349717810505, 348.46933512899994, 273.2802923548533, 699.4198315009334, 596.7045497252949, 0.0, 501.3611908471927], [773.1311548512282, 523.8137214946706, 907.5372280652239, 505.12138280477257, 341.1787610906261, 484.12589468410596, 972.954683379329, 911.551676610889, 256.2070905479816, 659.0104024017235, 326.94143793879215, 249.572817851135, 141.18051374530344, 501.3611908471927, 0.0]]",3775.2231812922455,"[0, 6, 9, 5, 3, 13, 10, 8, 14, 12, 11, 4, 1, 7, 2, 0]",Success
